6843
-8216
-2031
-8310
-310
5385
6603
761
-9486
7274
3486
-5461
-2815
-2823
1391
1595
5779
5627
-8105
-2445
-4289
-3835
-8908
-6246
9938
8654
3880
-5924
-3315
8574
-4800
7740
-9368
-7665
8607
5987
-7032
-6383
6223
2311
5812
-5610
6435
1731
5413
4262
8468
5339
-1101
-2115
7291
-5290
-3704
9419
9032
-5641
5455
-7071
9421
-6175
450
-322
1742
-6065
8972
2847
-9106
4342
-5041
-8140
-2900
9611
5263
8095
-6897
-8027
2385
575
2251
7803
181
2689
6917
-3719
4250
8108
4701
-4171
4696
6928
9114
-6371
1655
-5119
-4299
6257
-2441
-1362
-6373
132
-8375
3316
-717
-6425
6287
2463
192
8237
-6202
8140
-2407
5117
1786
-1067
6054
8370
-4364
4914
-5980
-1870
6822
-7994
-1963
-5253
411
5679
3777
-1633
7847
693
-9030
-4596
-5564
4974
769
4665
-3816
6246
1166
-7866
4007
4556
-2485
-707
212
-2721
-8248
3908
7933
-4637
-7151
-3217
899
-2368
5930
3030
4918
4864
-1085
6149
7308
8469
-6784
9733
-221
237
-8698
8474
5857
-4829
7924
2695
-9669
-7832
-4988
8706
4566
-386
-1428
5981
-5386
2440
2870
4132
3882
7694
3427
-3052
-8017
3599
6846
-4341
-6753
9200
-8230
-7648
6563
-523
-7594
3157
304
8341
-621
4129
8573
2213
-8440
-1979
-1587
2887
2266
-8253
708
4794
-3997
-8277
7190
-267
7070
7119
-9495
6831
760
-7425
-7015
-140
8529
-9216
-7839
-9835
2300
-8856
5594
3909
6101
-3547
2104
8721
1003
7013
4778
-8588
-5148
-4121
-1797
2722
8088
221
9579
9487
9213
-1173
4706
-7657
-8384
7296
2218
-2684
397
-8891
-6899
299
5041
89
3086
5532
8597
-4833
-1863
7222
9638
2721
634
-2531
8477
-4081
-7062
7658
6539
-1497
-8066
7237
7075
9116
-2039
-726
6896
-4984
-2560
6871
9238
2197
5257
-2755
5659
8515
9529
-8378
3447
8203
2308
-1460
7149
-9850
-419
7828
3948
-1502
6869
-4145
-3024
2468
9393
4761
3290
4752
-148
2467
6739
9612
2461
-9899
4325
-9886
6776
-4910
-2955
-182
-2955
4297
1610
9253
-7001
6277
-6778
-2274
-8193
8525
-5297
-9564
2571
-1207
-5262
9370
350
-9929
6198
-8269
-2982
3508
-1900
-2525
1624
-9011
7790
-7111
7130
8746
-3769
-8517
8983
-7418
-5435
-7884
-3140
7876
-9596
-6507
-9541
-3363
6248
2328
-5909
5865
1585
-8141
-7244
-5495
4981
-5773
-6501
6356
2053
232
6114
9141
7117
-7424
-8314
3228
-1373
4936
3212
1161
-1739
395
-4898
6130
1030
-8278
-6251
5591
8813
-9731
9294
7344
1746
-7760
5842
-5437
-8180
-2730
-3449
-6770
-792
-9041
2530
4299
-5741
9747
-1082
6150
7959
-6438
-3250
8851
-7666
6210
-9155
1492
5600
9542
-5792
7628
-8653
-7392
-1850
-2094
-7862
-5661
-5012
7348
707
-4568
-4983
6384
-1298
-3018
-4867
712
-8455
1894
941
-1574
4579
-8407
-8909
-6585
-2425
-4338
-1130
8822
1558
4709
9215
-3659
5808
-6092
8826
-869
-14
4686
1538
8039
6559
5798
5446
-4041
372
1728
-7150
-5913
-4252
-5754
9725
-5037
775
9586
-9302
-3602
8825
4409
-5341
-5305
3822
1495
5899
4167
-4714
4774
-9861
-8570
5890
2220
9622
-392
-7278
-152
4892
3525
-1919
-3271
7704
-4009
-8155
-2635
3318
5238
9828
8620
5681
6260
-3021
-2128
-2779
2992
-9144
-3975
-3235
-303
7726
-7942
4473
-8913
8691
-687
8207
3419
-8189
8301
-7965
3204
1770
5706
-3757
-8348
7178
-1339
3532
-3435
9881
8115
5750
8038
-9552
-9357
5027
-1101
7293
8681
3156
4928
1728
1535
-8678
-7295
-3685
-2047
4276
1809
700
1236
-3610
1762
8046
1415
-8979
-1657
-3129
-658
-2261
2039
-565
4577
2981
-4803
5207
-8723
-8249
-4404
1515
5435
-6356
-7162
5116
-5607
1559
1488
-6391
-2092
-4531
9379
8061
-651
7980
-2695
-8840
8644
-5000
-5
8852
-7170
4623
-3619
6873
-133
-7121
6495
8855
-3908
-1651
-7321
-5887
5892
-2348
5672
-2789
-3556
677
2484
-2876
2774
-2764
-1844
6030
-5699
644
-7381
-8668
6585
-4632
-3145
2127
-5139
-224
3413
1585
3874
3855
-7738
-7499
6501
5907
-3757
-4268
-9662
-368
-9267
3959
3177
-7098
-5949
1854
6085
7191
-9615
-8
4994
9571
-476
-4240
5528
-7369
3277
-6671
-6889
-3275
-9969
-9891
-2891
-3414
-6211
-7904
9479
7536
4138
182
-8806
-791
-4074
-3490
3986
6454
-2756
-6385
-7817
8114
-9858
-2771
-7555
486
8873
3778
-7094
-5653
4227
8885
3065
4605
2949
-1551
7430
-2088
5432
-7990
-6244
6556
-1158
4177
-6640
812
-444
3185
-7520
9089
6241
-1028
5546
9632
-4627
-9968
7600
-8058
-1406
-3971
7796
-4432
-2308
-7189
3790
-5926
1694
3440
-225
2843
9600
2586
1714
-5834
3019
-8301
-2287
-5025
796
-365
760
381
-3605
9302
-8024
-9300
656
8592
2129
372
-6465
5456
-778
3324
7579
6169
147
-9747
-3123
-5141
6747
-3320
-4700
745
9420
-6136
1015
1576
-8986
4752
2732
-8796
-6984
7582
4281
-4589
-9383
5303
5525
-9945
-1145
-3359
4598
-8050
-1223
-9414
-6086
4872
-3928
-3074
4395
8634
-4590
9328
5553
59
2956
-1948
-4669
-9729
4077
3750
6354
-4208
-3644
2734
-2363
3674
-9023
-3417
-8044
-150
6594
-8763
-7848
-4275
-9900
-9609
530
-2418
8038
-7497
7551
-8007
8809
3785
1271
-683
7451
426
7247
-9412
-9050
4211
-5325
-7233
3909
2094
2497
-2375
-4008
8919
878
6065
-4974
8835
4815
-6655
6408
2457
-1763
-9093
1494
3642
-6967
8252
-5156
7880
4368
5669
-1594
2723
6786
9328
8275
-7671
-8035
-6046
6806
9899
-1447
-4766
5134
6646
-6205
4500
-1188
9180
-6241
1659
6124
2381
4003
5792
-5867
5657
4172
2577
2808
-8710
-6634
8590
-3718
5613
-493
-3847
-389
-6045
-8140
-8368
5846
5161
-9733
-2995
-212
-7169
-1673
2567
-4978
-1580
7295
-255
6597
8328
62
-6231
1997
4095
-2421
-4508
-151
-4208
6684
-6601
477
5754
-7033
2016
7412
-237
6578
-6286
-5446
-564
6829
-1057
2971
-9924
-6227
3433
6802
-835
5431
4446
-4756
435
664
-788
-9388
-8143
9600
4876
-2971
5390
1911
3996
-1453
8569
-3424
-7899
9974
6832
9418
-7664
-810
-2379
-2045
969
30
-7180
-6732
6063
2275
4303
404
-4814
-524
-4159
-6564
-3401
0
-2411
8085
-5274
7956
