4653
-5481
7044
-9916
-5693
4139
367
-5600
-7040
1583
-6005
1191
-4427
5845
-1066
4422
980
5580
2258
7298
-994
-162
2893
4697
9212
-971
-172
3463
-5751
-3779
-564
-9745
-2009
-8309
4983
-4201
5163
5848
8977
-5856
-1168
4641
9
4991
719
-9518
9298
-3652
6615
-8025
-2835
-1979
6403
-6774
-8430
-4408
-7331
7891
3463
2527
5414
-9783
-5466
1660
-871
-9061
-175
1331
-4033
-1203
8956
-4425
-4214
-7196
-7276
7707
-8788
-8712
6024
9518
3499
8091
-6910
-8715
-1143
4488
-9802
-3818
8759
9404
9579
-6262
-1565
-3166
-582
5891
-5339
-6769
4306
7430
4972
7238
-125
-6587
3787
-1537
-5104
-8360
5273
5751
4497
2432
6482
1610
741
-1458
3346
7530
-9339
-4767
-362
-8163
-3762
692
6595
1622
1923
-7723
8341
-8201
4371
3858
1410
3766
-4676
5547
-6491
7684
6548
-7575
2558
8271
-2908
-9996
-4534
-8184
-4367
4169
8164
-7676
2683
-1968
6513
-2408
1828
-4340
9794
5470
3484
2111
-9888
-9607
-1518
-3782
9673
-1359
840
9585
-1908
-344
1998
-7584
2856
2155
-4169
-4622
-7617
-5127
-3459
-6691
-6600
1131
-7783
-8166
-6711
9101
-5240
855
8336
2827
-4921
-9357
-7066
-3887
3561
-854
-278
-5239
-9636
-4151
-8180
112
2619
-8472
195
254
7029
-8561
-6691
-9640
1137
7266
-8588
7427
5571
-5654
-4749
-1781
-2515
-6438
2849
-9615
-9971
-8413
-8032
-3070
-1690
-8105
-5576
8702
-2252
-7409
7469
-5613
-9070
5081
9926
8697
9031
6746
-6449
-8707
-4094
9878
-7486
6506
-648
3153
529
2116
-7798
2525
6194
-7208
-8040
-4268
-2355
8828
503
-8845
2090
921
-860
-4980
-82
4398
-8276
-6708
-2352
-3392
3759
5912
-1434
-1383
-728
5128
-4874
-677
5265
-1114
5955
7317
-4527
9664
8480
2765
3698
-3690
-9015
4951
-3036
-1348
-48
7781
-9374
-3356
6283
-4430
9542
-7953
-4380
692
5795
-2775
322
6110
6415
1643
-1012
-2934
1981
6871
8268
2990
-875
1141
-9124
6162
2363
-7236
-7483
-2896
-9506
1411
-5987
1008
1200
5383
8829
-353
5836
-404
-8485
-7663
3712
2700
-8193
-2247
-5116
1292
1630
-5060
-2553
5240
-9903
-8820
-1367
-4552
-7084
6232
-6808
-9376
539
-986
9691
-6074
9320
9937
-5427
1194
4384
348
-3293
3251
-9593
923
-2950
4211
-5663
6143
-6997
1753
4384
-499
146
-3180
-3845
-376
-7447
2006
-7318
8025
8903
-7448
-7897
-1823
7396
-4493
-1448
92
-122
4280
638
6310
7513
7658
3488
-4087
5659
-9850
5144
-7389
-9490
-6277
415
-4159
212
-3725
8424
1266
-9634
-6857
5042
-5568
7693
-7585
3886
3610
-9644
2898
-1501
-2190
5291
12
-1974
-3449
3222
7387
-6579
-286
-7241
4975
3561
8359
-1508
7162
-7519
-5389
-4773
7464
3195
-5765
-9220
8551
3772
1360
5311
-1324
3820
4482
-6013
-7051
376
1485
-1496
1330
-9891
-8188
7461
1657
-8841
7283
-7552
7500
1455
-463
-3018
3534
-3793
-1728
9893
9914
2104
6049
-2984
-5025
-1167
-7524
5892
-812
8401
5434
8254
1577
-2441
-5488
7014
-7349
2764
-4012
1582
-488
4529
-7700
3596
-9226
62
7014
-8396
3466
6901
9390
3058
-5590
3315
2790
-9059
-6284
3225
-9151
-7250
9398
-7307
-8897
222
7295
6478
-6011
-963
-4027
-7025
-2480
-9273
-5122
-9813
-9332
-2488
-64
-8991
3179
7099
3157
-26
1837
6402
724
-70
7877
8526
4868
-4152
1597
-5163
-286
2816
-3229
-9171
9541
-1691
-2262
5878
-9311
7597
8166
-9605
-5000
-8456
4025
6152
-1496
-9381
5051
3371
1205
-2787
-2231
-3898
6451
-8121
5715
1817
4287
-4184
-8500
-9441
3809
-5004
-1126
-3723
-4869
5446
5397
7669
6651
-8624
2222
7995
7455
-6991
-7136
2776
3749
-9105
9606
8934
-6790
-5768
7891
-9173
5195
6183
9315
1796
8300
1058
1872
2722
-8020
-9898
-6345
-3064
9557
7135
-7827
-7712
-5781
9294
-7995
-9711
7568
-2824
6448
5333
-4931
-6580
-3095
1742
5172
8791
-8300
7262
9103
-5524
-8948
1705
-568
-1752
-7211
6903
4564
-331
-4174
892
299
-5266
1922
-3441
-578
-2300
6952
-6903
-6402
-4539
6689
2654
985
-5755
1525
590
-7474
-7782
-8786
-315
7400
7011
-7969
2156
-6569
-8094
9756
-6070
702
5375
-7446
3146
-7825
-7369
5659
-8199
3713
3025
502
2214
-8999
5152
6060
-91
5244
-7172
9835
7245
-3234
6884
6408
-988
8989
9236
3160
-8444
-9683
2756
-4743
9567
6673
9336
-3124
-933
8892
-6823
7613
7306
9002
-4331
-7480
6562
-4518
4347
-7317
9495
-3374
-9593
-3029
-9616
-2062
8068
2047
206
1186
4245
-941
5722
-1986
9491
6201
-9816
-5018
7612
5014
-3886
1173
470
6391
-7911
8125
-1543
-6662
3389
3133
-8115
-2418
7140
5632
3447
8715
8170
8177
1799
-535
-7525
-3440
-1204
2300
-6998
8243
-820
7652
7450
-6076
9057
-6961
2620
-9914
-5259
-9775
-154
-7806
-4865
-2092
8386
9427
1745
3387
7621
7434
-6218
-6927
-5630
-5236
3783
8831
811
5039
-9679
-5251
-7011
2959
-3930
2369
6107
-3732
6744
-2658
8318
2412
5829
8698
1229
-9835
-7225
8147
-4421
-9828
531
6200
-8519
2838
-5415
-449
8354
-5548
-4947
-7070
-9632
7180
-1119
8252
7530
9056
6509
4471
-9096
9887
7199
-3146
-9113
6683
-1065
-2032
-9535
2879
9247
7034
-9363
-8169
-5991
654
3062
9634
-326
-2863
-2915
-9302
4154
8753
2286
1140
6428
-351
-8498
-9781
8441
7559
-3683
-3356
26
203
6078
7730
-4374
-8212
4249
1499
8972
-7139
9068
-7639
4341
5124
4705
-7772
-9231
8739
-9391
78
-4782
-7160
6266
-200
-8025
5602
-6274
3793
-4419
3398
7529
-9885
-4722
3102
-7237
-1377
-6942
-5092
-4118
6306
-1182
-2387
8024
-3894
-731
-2681
-127
-3901
2115
4701
4727
-7844
-4492
-2354
-513
-5595
-8800
3731
2042
-5856
-7634
8218
-1860
-932
7458
-6311
-6782
9000
-4638
-6064
1013
7789
-2249
4596
-803
-2829
-6081
-6013
-9632
133
-9821
7101
8970
-3847
6214
4963
-365
1167
-4326
9523
-4070
199
-4689
-1853
-1453
-2993
5927
8089
-6607
9760
7789
4667
-7457
-3063
-5813
-5506
-3677
-9457
-2942
3483
5645
-6092
9605
9539
7485
-1494
5353
-2368
-9024
-3692
4660
8214
-388
5975
-3216
-7146
-7832
3434
5180
-3048
1926
266
8868
-7853
-5635
6008
-6640
4633
-5869
-9660
1391
2641
7255
-6189
-792
-7675
8067
-6466
-8451
2069
6734
8891
6374
1253
6783
-4460
-6999
4380
6674
8392
-388
6093
342
-85
-9616
-8585
9249
-934
-4502
1461
8886
6864
-2246
8767
5890
-3612
-6364
8840
-8034
-4364
-4060
2527
5330
1313
-4064
-434
2204
6064
-3842
-9913
-7055
6125
-546
7113
1190
8231
46
3625
-2408
5325
-6629
2961
6654
4325
-8413
1875
-2130
-2155
4933
-5555
-7380
1730
7942
8985
6622
-1976
329
-2291
-3192
6594
4552
4772
-6658
66
-4395
-8027
-4627
6861
1755
-6335
5709
8662
3389
3904
6442
7617
5123
6097
-2130
8648
-7563
7353
2507
1567
-4072
7321
4245
-8761
-7269
-6470
5073
-4345
1149
-5909
8892
-3134
7870
2121
5166
6731
-9213
2932
-5580
2981
-3426
2215
9846
1753
5218
5911
5170
-3412
-5711
-5381
7339
7501
8130
8305
-4644
-4031
-6209
5572
-7679
4092
-7014
280
8838
5103
5658
3134
-9756
9045
-7488
5087
-2266
-5832
5954
1426
7322
9065
-555
-5412
-2026
3567
9655
-9582
9512
1541
9230
-1109
9372
8472
6769
-7898
6072
1139
3126
-8340
397
-959
-9495
-9461
557
-1437
-7954
-7511
5389
5598
-4972
7769
-6744
686
9241
865
7908
-7935
-3887
-6075
-5990
-9882
2337
-6037
-7472
-9447
-6466
-9334
3652
6886
-8783
-8233
8696
539
-3342
-5540
5332
-2846
-2352
-3776
9483
4504
9045
-6972
7924
-9557
-6585
-6483
9824
4674
5702
-1982
480
-7698
-5727
-7515
-1860
-2061
7657
-8501
9090
-6007
-5930
5446
5436
-307
6026
3811
-4138
-3885
-5457
-7136
-9371
9127
-8778
-985
7887
5742
-8538
-7825
9690
6187
-5826
-8376
-1850
-9026
-2073
-928
-9282
5159
908
1
-1167
-238
-3801
-1873
-1397
5858
1569
7125
9756
-3732
-2525
-9332
6265
-4419
1226
-7956
-3787
-3753
-3247
-3514
2466
6226
2960
6699
3909
-8114
1973
2363
2267
1304
-6612
4272
-3013
-562
-8050
1853
8220
-5715
4405
-9262
6926
-631
-2171
2237
-8254
9510
1299
5849
7324
9948
6992
-9350
-6247
9303
-104
-2389
6388
-7417
-3924
-7090
4465
-6987
1805
-1220
7599
8730
5777
-6504
-4528
-9765
-4244
8355
8598
-9787
9413
-6325
-6168
4528
-7824
1667
-2477
3810
6829
-9405
-7001
-6380
1810
2312
7014
-2367
-4700
-5012
610
-7916
-213
-6235
-4744
7379
-8720
-5685
3349
-9083
7527
-5592
2260
-2620
9067
-4036
1063
-7046
5211
3129
-7573
5331
8806
7376
-151
-6498
-1634
9393
3511
2646
5989
1078
5985
-2647
-3536
1351
-410
6401
-155
-3622
-9845
-8283
-9200
8705
-7711
-3879
7258
7400
-2065
4222
5865
3874
-2077
-4932
-6220
70
-1298
8623
9052
6859
9947
-8383
-5923
-7525
8985
8457
-2892
8544
-6737
9582
-4904
-537
-2770
2000
7332
-6902
2483
-9306
8287
1796
6523
5949
4707
1546
-4965
-2772
6506
4650
-4033
-457
-9277
-5860
5178
6123
1264
-6911
2385
9229
-2796
7463
-9993
-7633
2835
1279
-2845
6503
8621
-991
-5190
-2171
1788
-605
-6641
-2882
1919
1837
-6886
658
6234
-2325
-8219
-4108
-1027
6275
7987
-6362
-200
-3733
1848
-6935
-3232
3772
-1012
8557
-5724
1702
-3698
-4945
5522
10
-3410
6334
-3545
-2094
-8854
-8187
-5790
2727
-1641
7179
-7483
-8247
-2757
-7271
-7255
3063
4368
5769
-9212
-3091
-4565
-1308
8558
-7479
-1557
7941
2226
4443
-6250
3226
2917
2064
-2668
288
-7902
2845
8897
-8225
7508
2128
-6642
532
5996
-5834
-9652
-7607
-3482
3739
7729
4712
-9845
1321
1034
1657
-6112
1478
310
-315
6907
-9243
-2353
-9143
-6845
-7652
-1010
5011
-9656
-1546
-8016
-964
-3300
-7356
-2854
-9450
1097
4071
9535
4757
-2395
9735
-368
-9663
-6956
4017
-4783
-9051
-350
2554
-7309
-283
-7833
-9582
5144
-8350
6348
6208
-1401
5512
9866
-8036
-3856
7996
6212
-4020
-5834
2405
925
5105
-9981
4337
9806
9085
-5985
5500
-2800
-4227
9029
17
6084
-5592
2777
-747
-3512
-3286
4823
6003
8860
4978
-6247
6257
2768
2123
-5378
-8571
-8278
5431
5213
-9242
-5678
7580
6948
-4662
6637
4708
-4093
5728
-448
-5119
-8355
-5057
-227
9576
-5236
-8281
9379
7331
-6496
7699
6635
5743
-7163
-5244
-1121
9826
-7439
7268
-3493
3222
-7457
-5599
9294
-2974
-3015
-766
8924
-2221
-438
-6261
-7956
-129
-2900
8550
-7334
8309
-7496
8580
-8007
-569
-1797
9173
935
2060
-9291
2867
-2227
-573
-8753
-2490
4534
-374
-1975
-2951
-76
552
-4487
602
152
-9410
9539
-362
-8614
-4162
-7308
-8513
-7322
-3754
8315
3202
5936
-4152
338
9300
-4200
-2639
-4235
4633
2174
3495
-6797
7925
-3502
-803
-8979
-9145
4103
-3748
3134
5580
137
-9838
-2580
3971
-2063
3105
-6417
4883
6422
3891
-3621
9762
-7763
-9862
821
1336
4987
3565
4893
-1010
8633
-1942
-7036
9701
2110
-3886
6245
-1366
6871
3848
9396
-2104
6083
2018
-8752
7110
-4210
6852
8514
2224
5327
-5782
4029
-2982
-8962
-1819
1702
-1970
2984
3978
-4667
2152
-5080
-251
-9642
-7586
-7840
2016
-739
-3240
2531
-2054
4919
-8013
7867
2880
1731
-7414
8043
-5963
-3257
464
532
5333
-7776
3108
-3683
3571
5186
6351
3624
-5703
9774
-1957
-5234
2373
4626
-4105
-2005
8409
-7779
-2712
-8575
9738
2290
-1343
4502
3418
1691
3829
7399
6463
3056
1646
-1090
-4874
4290
-4182
-1252
-4921
4018
907
-1203
-2725
-6751
-6143
-133
3251
-5961
-1029
729
5587
-2902
7970
8475
6587
7805
4194
-9555
-3287
-6490
9113
8632
-9547
2008
1652
-3794
-6850
-2505
7042
-2535
-1129
-3036
6714
-3453
3565
6639
-4988
3878
-6006
-6296
-9947
-2004
9391
-8003
-3900
1126
8957
-1124
-3215
9091
-7853
-3870
-8137
-7530
-2790
9452
5019
-9992
1298
3879
-5349
185
3917
941
-5317
8418
8534
5401
8485
5457
6240
-5890
5508
7162
3130
9312
2034
-4060
2660
-1097
3696
4762
-5706
-6009
-100
9780
-5527
2802
-3907
-1164
-2256
-9336
7420
5442
9239
-3360
-3136
9514
9357
1971
-4171
2233
-502
-3622
5338
-4069
4604
-1746
9692
4947
-159
-4445
7700
2653
291
1071
-1849
9645
-1557
-6946
-7801
-9975
-3299
-61
-1206
8712
-8374
-8784
-3038
2646
-1717
4603
1395
-3316
-8567
-2328
-8252
1681
-1956
551
4435
-1213
-5514
-3829
2766
3012
2900
-4281
-6817
-670
-2538
-5396
1746
2914
1249
-6175
5175
-3927
-4598
9095
-9873
5512
8204
5598
7594
7613
2930
-5349
-2129
6569
1491
2266
-1647
-2170
-594
-1248
6334
5409
-9913
-9676
-2266
-2322
-6991
-5430
2567
-7592
-3424
2342
-9286
-5903
189
-3345
6871
8511
-3861
7230
-1119
-6093
2005
-7014
3313
9872
5135
-4283
443
5423
-7293
-8644
7877
-2480
3033
3842
-5243
9750
7215
-8422
5944
-9731
405
4977
7318
5520
-9498
-6448
-2491
-8924
8611
992
-3083
6383
-8570
1803
9740
7740
5691
-3551
-2842
7377
3068
1600
-2406
-5695
-6054
-7097
6417
-7589
-3784
8152
7321
-5691
3020
-4889
-8619
-6357
7977
1318
2613
-7209
-5170
202
7015
-3056
-4016
6060
6857
-7984
6865
2083
-888
-4631
-6522
2892
5637
3913
7128
6929
-9901
4841
-9362
-7810
-350
6517
-8211
-8562
7387
-8526
-2524
5239
6398
-3062
-9333
980
1231
-9213
-865
-790
-3879
-5770
-1917
-1055
4324
8445
-2677
-7849
-5387
592
8681
-2993
3940
-8579
1736
1390
4671
2191
3899
7658
274
8893
-5945
-828
6869
-5771
-5349
-1287
-6706
7886
2362
89
9803
976
-9573
4226
-2400
7705
-2466
3869
-767
-7760
8340
-6903
-6962
2823
-6134
3890
7893
6981
2888
399
396
5912
1659
1114
4409
-2243
7787
-645
5179
6346
8476
-344
-705
336
9249
-1506
127
-5412
-8881
7861
-1122
-5942
984
9369
-9847
2174
-5173
2393
-1105
-2535
334
2413
-1953
3097
-2667
-4546
8570
-8567
3196
5813
5977
5773
-1878
6669
-1167
4006
9074
945
1086
9479
-1777
-6970
9762
5715
-3730
4722
9476
-7474
2582
-8320
4178
5165
-9972
6323
1972
6289
2452
5205
-68
5907
1837
2647
-1655
-5929
-7042
2237
-1626
-4821
550
2133
2213
-1837
-3308
4253
6831
79
930
562
-3011
-9010
-9208
-9278
-4277
3097
8043
-4670
1782
7253
-7703
9865
7914
-4402
-2342
8012
4762
8191
-5659
5781
3382
-7715
2766
-6105
-7379
-8700
-445
-993
-2259
7958
-6833
-7861
-4013
5578
9387
6417
-2011
2194
-5764
5883
2739
-5146
4971
8356
1741
-8660
3902
-9239
2919
-7258
4904
-493
4958
9110
2165
-9419
5698
-985
4193
4955
-4718
5943
3977
6541
-1492
-4022
9308
-7132
5570
9263
-3473
9492
927
-2798
4247
3395
-7824
-3548
-7680
6098
3557
-6569
3107
3987
2204
-5202
-3742
-5137
-7422
1843
7134
312
3632
2530
-4721
-7498
-7605
1542
-3965
-7510
-4813
-5346
5074
-6650
-796
889
-4992
8347
9779
-1428
-9089
4496
485
7920
-4574
669
5116
-8247
1382
-1253
6039
-509
-7937
1782
7286
-9061
427
6530
4292
-9575
-1263
-1982
4852
-8435
-2393
1299
-2460
6228
-1257
-2048
-3013
9167
1138
-360
8490
523
-3052
827
-3404
6873
-9725
-5767
-5110
-4574
4652
4347
-4224
2952
-8842
8756
4648
436
6894
969
6462
7554
6247
-369
9357
4357
-5539
-3579
9738
6904
-2827
7842
-1453
-3453
8644
1295
9057
-9780
2925
-3124
4458
5156
8537
6322
8705
-5593
-6441
7147
9168
-3666
7063
-1683
7213
4922
8682
7046
-626
4675
-8963
-5039
3107
5134
9457
-5775
-5672
-676
4260
-3535
5713
7866
6099
9717
2355
-4888
-6074
7108
-6704
7007
-8220
-3761
-6385
-2956
3153
-4052
3972
-8922
-1589
-8261
3201
-9849
1275
4253
-7472
8913
8666
-2420
-6301
9800
-7942
-8395
-2372
-8594
-7201
-1100
5435
-8189
-4369
-3893
3151
8533
4603
-5862
10
5034
8693
-8788
-4231
2055
3133
-9829
4029
-5365
1544
-3199
9457
-6029
1819
5089
-777
9997
3054
786
-1598
-6628
-5473
-6161
6389
3054
7992
7197
-2787
-5745
-4297
1686
3674
4435
3310
786
-3870
-5161
-4973
353
-1815
4400
1350
-7566
-2623
-3964
1529
5801
-2646
3948
2186
2270
7328
-2706
8986
7742
-6273
5203
-4616
2232
8531
2763
-3396
-1639
1481
-1151
-9678
-9246
9120
-9989
-2295
3333
8865
6600
3117
-58
-2859
-4843
6728
3987
7937
3099
-1610
8
2826
-4054
8836
1788
7352
3052
-8514
9343
7902
8544
-8391
-7324
8268
-3066
-4843
-8687
1356
-7748
3063
5249
6197
-3702
-6460
4235
1953
-9091
-3336
-6291
7726
-9112
-7543
-6624
8320
1321
9195
8714
-8798
2833
1223
2360
8029
-3803
-6099
8362
-6926
-4755
1487
8837
3123
6780
-3669
-7066
-7187
-8559
2384
8779
-8847
-8346
8070
805
7470
-9959
-3090
-4810
-6825
7808
9260
-1348
6949
6066
6351
2909
-1670
5845
-4608
7742
-4887
-6278
-829
-328
2039
-4371
-390
-1227
-1849
3153
5949
9846
-5791
5376
-4485
8790
-1658
7031
6037
-2598
-6911
5346
9397
8312
345
-394
-2933
799
8335
-3685
8560
1113
-8966
-6798
7147
6573
5225
7889
-1392
4327
4568
2741
-3354
9516
-2470
9771
9722
-4221
-9282
9446
-9880
357
-4094
5354
6385
3221
-5040
-9833
3581
-7140
-9820
-7275
-8451
-9561
-5459
3306
-9519
-4632
-7156
7224
-907
1272
2354
-6586
-1868
2053
6430
5181
-1754
-8086
-4713
4938
5544
-3292
4843
-3446
-1763
8718
1301
9379
-8732
-9007
8863
665
-2422
-5208
8784
-7738
-926
3034
-4546
7897
5313
2287
-6311
6711
-1734
2620
-6488
-6142
5761
3887
1317
2516
2412
-355
5218
-4692
2578
7557
-3139
-7890
-7158
-2282
9047
6143
-2747
6201
8600
-5224
-3568
8725
2074
5295
-4414
3555
-6146
2562
480
8145
-2123
3483
-3286
-6264
-5493
-9639
7400
1191
7887
1618
-9827
-8066
456
3029
3341
8978
-8904
-4596
-3597
-340
-4510
-2858
-3693
8328
-8422
-2302
810
-2855
7116
-6022
-262
652
-9221
8637
8183
-267
-3073
3970
9583
-1637
-9942
5931
-5697
-8866
5112
4595
7889
8117
7555
-8998
2335
8448
757
3986
6870
-8932
8995
-4752
5471
2148
-6688
-5436
-5478
67
6776
4289
-187
1142
3662
8174
4032
-9200
-3520
-7303
-9879
6416
4066
-5324
-649
-1549
1596
-2987
-9615
-1879
9601
9250
-7971
-5353
-8885
1490
-2876
904
6023
7292
2585
5924
7868
491
1649
4928
-6617
2693
-5247
-6083
5263
5823
-3338
-6208
5119
-8085
-7257
-8172
-2746
-1217
-8509
-2955
-5301
4331
-6567
1434
-3041
8732
5419
6818
-9500
929
-7917
1591
-8081
-6875
-8525
-3939
6868
-9183
9848
-341
-1202
-3681
7755
1930
3817
-6177
2980
-2156
-5279
128
-4907
160
-3972
-4873
-1353
-1769
5313
-5376
-9008
9093
6576
-3278
4963
5937
-6843
8925
5539
-4656
6960
5679
7092
-7431
2494
7410
9109
-5158
-2157
5290
-965
-8243
-7510
8454
16
-5804
-6707
4540
1988
9957
-6368
2353
-3927
-8064
-7267
4556
4517
-7052
2017
-1717
7946
-8871
-3366
-6744
162
-3073
-9314
6109
-1944
7174
-5642
178
-6417
5216
1449
7301
-8641
1772
-5758
2305
450
1756
5891
1812
-3963
9839
1225
813
-1446
-9808
3447
-8838
4124
-1573
-9832
1892
-1845
3344
-1099
-5644
-6375
9379
4708
-2674
8520
392
-2727
-8764
5127
887
661
-5084
6471
-1602
-826
2974
-1483
-7674
2894
2185
-7959
-6079
7541
8156
-6319
3287
-3466
231
-8867
9011
-6155
-3932
-8019
-6113
34
-4363
-1440
5766
2671
-7771
3943
6251
5002
-4245
7264
-4415
3286
163
-6493
7434
-2344
-3371
-9703
3314
9670
7524
9227
9954
-9588
-8525
1121
-9901
-5399
-7037
-2703
9201
-272
248
-6490
-2200
-9742
-8969
-7645
-2750
-7069
4586
7808
8591
-5598
4696
-7649
-5176
7237
-2380
-8729
-5495
-4672
2056
-7007
-4654
-7187
3543
8750
155
6760
-5692
1958
-3456
-1570
-620
9277
-2186
7521
9674
-4934
2870
-8962
3879
1494
-8294
-7185
-6342
7393
9693
-9970
-4978
-176
1840
5542
-5236
6167
-4661
-4737
-3670
-6154
4230
-3029
2909
-6530
-9608
3239
5409
8893
-1064
-3288
513
-8661
2767
5588
-5925
7011
-4197
-7617
-7284
-3699
1211
-1358
-9723
-512
-6043
9877
3252
7964
-7645
5839
-5971
-1043
2775
-7896
-9077
2579
2538
-6085
9393
-7636
1828
4781
4353
-605
969
-6979
4685
6185
-8822
5501
-9405
-8683
6770
-8488
-5636
1341
-6154
4796
-8768
-1197
8686
2998
9356
-4736
5881
62
1664
9038
-5401
-568
8042
9116
-1749
-2882
-9900
-1899
-1777
2567
-4691
-8741
-751
7608
-9643
-2664
8029
-9421
2895
760
-7946
-3229
-2454
-387
-3098
-4561
5889
1281
4887
2947
-5378
-5318
610
-5169
8847
210
5729
-1936
9376
8432
-3701
235
-4583
-8197
7141
1876
8055
6712
-4449
1186
-9399
-5375
5794
1673
-5188
460
5708
-9463
-6261
-3250
-5327
-340
-2768
7129
9355
4547
-8628
6240
-1903
-371
6524
7016
-4579
652
-3627
3736
-1453
-2401
-1570
-6615
-381
2482
7585
3621
-2968
4653
7205
5249
5569
-8392
-1784
4654
-9395
7664
-3592
-8187
-9965
-8807
5593
-1863
313
-1727
8945
-4000
-6437
5385
-9008
-9388
-8862
-910
-4158
698
-3250
1088
5253
7418
-4425
-72
5591
-6531
7607
3524
8995
-7876
-2784
5619
-7291
-8859
-8477
-3592
921
8942
7655
-9463
-6151
-2819
1551
1914
2890
-9465
-4614
-6598
-9493
-7068
2134
-5684
-4776
-8893
-9598
-2579
426
537
-8699
140
8038
-6491
-1558
7773
-1853
6749
185
2348
248
6398
-5216
8140
9587
-3511
-4360
7439
117
-7285
1149
1934
-3779
-9458
-7856
7384
6690
7760
4275
-9430
-8567
-7686
-8718
1164
1089
-7054
2696
-8385
-8083
-8665
159
248
3947
7733
-462
-6321
-6601
6154
-5485
-8279
-6777
3826
-413
-8609
-7661
3599
-5793
9335
9894
-8894
2713
710
4489
-2379
9308
8273
-1586
5437
-7463
3976
-5602
2674
3508
3263
5606
-6496
3784
-8072
-2852
-2792
-6868
2251
-6652
-4623
-4708
-9536
3446
9444
-3212
578
-8570
1891
5661
2950
-2628
9853
-8665
2012
8975
-3552
-1306
-9951
6681
1517
6314
9879
4192
8042
-4063
965
-6399
5572
5540
-3386
-9437
-5741
6885
6617
-7217
-4921
4051
3119
3283
-581
-7812
3239
-3370
-8470
-2539
-6556
6841
9066
-3114
7737
-5120
-2702
-3462
-2225
9829
-3172
-7578
-7043
1978
195
5566
-3947
-7108
5095
-6664
-9220
-3104
-4398
-4647
429
3876
6451
4104
-8652
-5044
-6538
-3587
3770
-514
1405
-5621
-7433
812
-7480
5308
418
-217
-5059
-9036
1311
-7950
6253
594
4604
-9752
-6700
-7086
-1285
-4418
-7114
9865
6599
-1802
-5169
5952
-3933
9609
3922
9094
7301
7503
-390
9822
8620
8480
-6430
-9994
2990
7453
-6092
-1826
7542
1149
-254
135
-3472
-6987
-3160
-5624
4083
-79
-9885
4184
8970
-4285
4727
-4488
5618
-5742
6704
2035
4678
-8198
-9208
4896
-4348
5620
-79
539
1754
1274
-324
-4510
4798
3175
8147
-1726
-8471
7731
9027
-8384
7115
9595
582
-6957
-9462
1318
873
9407
2073
1168
9353
-5826
5746
9260
5317
570
-5880
-3230
4798
-5649
5365
-5177
8778
4042
4337
-9051
5805
-6898
2940
5119
-5418
5319
861
-7374
-67
-5218
8368
-2823
1864
7427
-7348
-6279
-850
-4072
-1015
961
548
-694
7044
1659
-428
-3446
-3115
-9432
-4312
1869
-3758
-2098
-9564
4264
-3961
-4894
-5432
-3106
-3237
-4930
-4961
9817
-2133
3660
-307
8695
9432
5200
2058
7295
-5314
5489
-1318
-7045
4992
-7855
2076
-8391
-7638
8142
4510
-841
-4977
3964
6209
-7149
1791
7251
-5661
-5145
6233
-2001
-6138
-9026
-9031
-3960
4760
3889
9454
-124
2343
-7553
-3808
9015
9042
7093
2426
-1226
-9558
5117
-132
-6878
1597
6867
5816
-2885
-2041
753
6866
3782
-3143
-5932
-816
32
4737
-1453
-3435
9704
1639
3772
-5675
997
6088
1711
7822
8078
-7373
3081
-1161
233
5645
2128
-9136
-4397
6936
-8721
9530
-4199
-9522
-1069
-5022
-7011
-2153
-6247
5719
6162
100
6615
-9816
-5678
4277
9191
5145
3380
1858
-5877
8920
-7084
9198
-8702
-3499
-1367
-2
6257
-245
884
-5783
-1873
-3901
-9877
8732
5620
-9125
8308
-9201
-7153
7349
5459
8010
-1099
-7123
4101
6964
8457
-6875
5343
-7354
-4229
8333
4557
-7963
1702
4521
-7628
-9686
1036
-8538
9885
5662
-3484
3389
-3109
-8538
-3520
2876
472
-485
-2402
9906
-1585
3812
-4768
903
-8680
-7505
6576
2650
-4297
-2479
-4635
-6197
-9151
-8890
2534
6344
-9064
9568
-2173
-818
-8422
-7220
-4796
5032
9051
-8293
-2611
-2338
-1901
-7842
5083
-2786
-9818
-5339
291
1489
-7185
-7160
-8016
4290
7337
-921
4448
9601
8115
-6591
-8334
504
-8432
7349
-7501
-2147
8861
2387
-9405
3757
6305
-4797
-6168
5114
9224
2914
6384
2593
444
6755
-9135
1566
-3982
-9686
8396
6677
-7894
-9074
8598
-322
1296
9583
6765
6499
5413
-950
-2304
-6735
1248
7751
4412
903
6295
5218
-6926
-2559
-1104
743
-4437
8288
-8809
-2890
-9526
-7163
3007
6292
-7470
-9285
742
2906
-8761
-7948
-2573
9967
788
-2340
-3135
902
935
847
8470
2203
-7568
2877
-8846
-8860
-5175
-3194
-2391
7677
-8584
-7645
1716
-6720
-6949
-1507
-1220
1035
-6314
7772
8609
1459
1096
-5736
-2798
-6787
-5764
-6662
9528
-6742
-3553
4613
-4104
7641
-3106
6743
-8380
-6630
1535
8449
3475
8526
-1722
9909
8149
4179
-3587
3195
-9666
8425
70
7625
-4997
-6074
-26
707
-1178
1939
5504
-1185
-4958
1914
-3211
-1246
-4439
-1101
1361
2290
-8381
-9187
9305
-6257
-443
-2738
-200
260
-5575
-2708
-4717
8827
2121
356
-2442
-8949
-1975
1477
-9751
-3567
8483
4460
-1258
8059
-6725
-6076
953
-2508
8618
9792
-9741
6488
-2856
870
2168
9734
2602
-4100
4803
5180
-5089
-5406
-9566
9993
-3866
-1964
8725
3971
5251
-7062
5682
-2514
-6829
-8718
1485
3690
-6794
-434
8439
-9307
578
4880
3747
6322
2256
9546
-3339
-2010
3447
1915
-6300
7339
-970
3677
9088
130
7968
-474
-7813
-3885
-486
3466
1707
-9278
-7021
-5371
4394
-2065
1451
5785
-1537
-4096
-8555
-2961
-7538
1955
5629
2931
-4249
7593
3248
-2404
9436
-489
739
2541
-145
3079
1076
-6080
267
8232
-6002
1172
-3219
8919
-7796
-8520
-234
-3275
-9153
8448
-8891
9658
5109
5454
-2777
7800
-5350
7256
-8906
-8580
9659
1904
-1847
5743
6682
9554
1334
9532
5260
4789
7071
6131
9361
-4537
8000
-8551
3022
5879
2505
7979
1543
9651
-8723
-3829
9504
8780
-5052
-4807
9793
-7453
-5200
3935
-6517
-6458
6432
1445
9407
-3215
1982
-4688
-1907
5869
-2784
-4140
6740
-1358
-9447
5456
-3294
-9528
-2734
-3773
-3161
-2587
8748
735
-3137
-595
9968
-7361
-6104
2490
8508
8092
6345
9683
2260
-6375
3387
5003
131
9593
7780
1844
-7910
-3005
-8177
9045
5514
9993
-723
-1838
3850
-6029
-8894
-6581
6375
1610
9493
3473
3725
-9920
-7245
1576
8410
-1951
-3872
5569
-9057
9379
3094
8475
-8656
9687
7171
-2181
1867
582
6876
3739
725
-1546
5622
-7639
-1011
1868
-3402
-2994
8737
-2096
2073
9313
-4167
9443
5797
-2117
-5978
7180
-5747
-1290
428
8376
-8272
295
7574
7556
-8752
3597
9436
5574
4969
-2705
9195
-8805
1224
-8827
874
-512
-2636
1033
-9389
-2744
-3540
-5904
4932
-2642
-7560
9012
8630
6028
8612
6355
1743
-7199
-4894
-4790
-9207
7105
-5965
-6594
-3748
1275
-4748
-8140
1590
4051
1264
-7950
1186
-8845
4471
-2635
-2525
2292
7387
-6193
-6346
-6118
9737
5556
-6871
-5051
9779
3400
-6720
7564
-6769
4380
-4608
1906
-2697
-809
4789
1033
-4319
8944
4982
2569
-7547
-7220
-3276
9530
-4071
-478
1153
1952
8800
-8078
7694
-1289
-571
4221
-4007
-5026
4780
8848
460
1384
2173
-6651
-7629
-1676
-1571
9414
-3695
-6300
-3246
-3191
8878
-4681
508
-7201
-490
8862
-9803
-3805
-1616
1505
3943
8269
2761
3015
7244
6674
8073
-9712
7382
8366
7407
6400
7443
-8436
6904
-2385
-3464
-5768
-6378
8410
9912
-6534
-6537
-1695
9201
-7329
-1918
8668
9897
-6855
4368
6065
-7059
4155
-8239
2462
7821
-8678
6288
-597
-4354
8628
4004
8866
-3886
4401
920
9969
1199
2976
-6597
7880
8602
-7298
-8611
-5467
6759
1475
-371
6342
-5763
-7794
4552
5656
-8027
-4618
-9498
2429
-1600
666
-7373
-3730
-2783
-32
-6471
7450
396
7871
991
-3042
5411
5847
2407
-1681
-8618
311
3131
-2431
-8037
-7827
-2058
9061
1429
-4297
547
7011
6304
3036
382
-9718
-4869
-7709
-7632
4112
-456
-35
-7098
-6483
-9450
-4238
6616
3574
7369
-7502
-5729
-7541
8624
7261
-1209
-1281
2189
-4975
-1638
9651
-8888
9831
4222
-4207
1022
9739
8438
-572
-6854
2520
-9129
-844
1101
-3573
201
-1397
9704
6785
1887
8458
-9954
7228
-953
-5988
8907
6700
8769
-7049
-5984
511
1742
8662
-8563
7320
-3861
-2040
-8583
-2607
-9647
-7481
3301
2322
8588
8841
1031
9492
-6873
4457
-7169
5286
4849
3687
-2384
-711
-4950
1819
7442
3525
6652
981
4091
2631
-1861
8272
5627
2654
-7240
-9312
-4086
-9289
5592
-8634
-7645
9878
2699
6991
2042
-6568
9892
-8713
8801
7477
1868
-4836
-4395
-9776
6555
-7564
-1351
1172
-8698
8654
-3863
9824
-1560
-7220
-5172
6467
-3950
2342
4672
994
-9200
6245
9695
9328
-2813
8246
7297
4844
-6886
6032
-3964
-7180
-7711
-3810
1804
6365
9292
-5666
-7904
6974
7804
-8597
-3553
2310
6527
3570
7952
7472
9963
2722
-1064
-9055
3347
9178
7837
-5543
-2150
-2322
-2618
2505
-6801
542
5615
3253
-7172
457
-3337
487
2725
-5354
-9845
7825
7636
5388
1355
-6468
3034
-6520
9463
5382
-6413
7929
7442
-6599
1559
-276
7979
6186
-3955
-6282
1272
2898
7019
8755
-6882
6593
-1683
-5972
-4806
8018
-5818
2157
-8418
-5475
-6813
7765
-9304
-2324
-602
3867
4254
8051
-5784
-8104
104
7945
-3801
7413
6938
4370
-2553
-4930
1782
8972
-4669
-4266
-1474
9064
-254
-8466
9769
-7265
8030
6282
-9416
9031
7705
5789
-6768
7752
7530
3315
-5855
3727
3259
-994
-7457
-2331
-7785
1159
-4156
6840
-3310
4270
-4753
-8080
3813
-242
-9007
721
-3652
-2863
4350
7002
-6611
7984
-7716
7439
-5677
-8920
123
-7577
6787
-2227
-2647
6615
-2218
5849
5581
8359
2472
-8616
1002
-5913
-4633
977
7758
5542
4152
-6008
-8455
-7848
457
8175
-9583
2165
408
-1132
7016
-5636
-9242
-3998
1466
3894
5326
-3626
-9353
-7921
-5450
4468
-3547
6211
9884
-7332
9850
8995
-2003
-6290
1133
9520
-5607
7283
-934
-9219
7554
4295
-2
2945
-6471
-1312
-2205
5258
2084
1098
-7318
-1464
4794
5844
-4407
-7925
-4282
9793
7014
-2875
-8498
8466
4212
-5235
7829
-225
8029
8546
5248
-5086
3024
55
-407
5498
5320
-4194
2154
2746
6999
4178
-7768
-8181
-3952
2400
9262
7883
9640
-218
8605
1615
4262
-5660
-6123
-8650
-1903
-4464
-7762
6716
2141
6131
287
6033
-8024
7303
1933
-2412
4342
5966
-2363
334
8982
5450
4474
3423
-1007
3851
683
-406
-7014
67
-9829
-7927
3576
5032
-4882
-1716
144
-2701
536
-7288
-3574
7811
3231
6264
2132
-4295
4126
-7463
3940
33
5521
2004
4478
-1093
-506
-2628
-915
-9982
5593
1421
4026
4821
-3226
-6423
9263
-8785
7339
1576
9827
-8000
7568
6523
2148
6284
3548
-8666
-3094
-2646
6264
-1234
4775
-3917
3317
-5343
8033
-7726
-201
-6303
9490
9078
1933
-1041
560
-7256
2871
2442
-336
-88
-6497
-4796
-3592
6521
-9056
4942
-51
-2020
6091
4594
1270
7911
4372
5706
-7432
-835
-772
-8620
-9351
-9565
7478
-2040
-4963
-9449
4001
5576
-4289
-8642
-1023
6755
-4966
-1645
8823
243
-8318
3875
5424
1117
-3886
-1736
-7027
3916
-2566
-9098
4255
3300
1342
-449
-3168
-7446
-6548
1177
5209
-2140
5776
2406
7539
3620
3782
-7587
1158
9717
2897
-1161
2175
2090
-4791
-3517
-2581
9826
-6885
4161
-7963
4305
1847
-5637
-6527
-1194
1868
7792
9445
8211
-2448
-6783
8296
1316
-3600
-8772
-9193
2154
-5228
-7367
-7662
3829
3402
-3660
4862
-7422
-4759
9009
-1729
-5223
5504
-3872
-6708
6229
-5989
126
9564
8964
-9229
7269
-7012
-7615
-3234
-7113
1892
-4639
-3137
-7601
-3711
2897
3317
6327
9530
-8492
1649
-4036
-8799
8191
7019
-4943
5129
1689
9578
1150
6775
-5419
9011
-559
-8467
8425
911
-1868
-1625
-2801
-9010
-2745
-6340
7714
9934
-5173
4602
7062
4408
-9828
4716
3022
-3341
4645
5300
-1646
2010
4411
-5966
-1772
4688
575
-3037
9034
-484
1427
-2305
4684
-1809
2318
-8182
-764
-9662
2991
758
6361
3195
3624
-2486
-2870
1792
-4608
7168
6648
8120
-4417
8934
-8413
-9006
-2895
-6617
-5515
3107
6591
-866
-3884
5304
-5626
8348
899
-5021
-7191
-2231
3754
4245
-7852
-9790
1986
-4622
7514
-1418
984
-5683
6765
1984
2717
8414
8715
3666
-7801
-651
3644
-8637
3473
773
4309
-705
9006
3035
2573
4478
7045
4817
8727
3545
9925
-5833
-2478
605
8573
2310
8675
-8327
-1537
-6475
6907
-581
9361
3492
-9210
-7073
-3002
4158
4821
-4025
-5779
1732
-7700
7382
4648
-642
452
-4896
-3273
6271
3420
-3430
-7329
3959
6920
-469
5809
3297
2066
-9995
-2825
4748
-9668
-2645
-1906
-3332
-9688
3932
-6197
-5452
16
-3421
-1662
-8380
-9451
-355
5703
1279
5454
5355
4463
9546
-2548
6551
-8883
-5784
3301
2931
-4003
-237
-5287
7205
-3799
271
-1513
-6136
-3001
1959
-767
-2276
-537
7972
4151
1995
2527
-112
-7396
340
2096
-8824
7186
6145
4214
-5465
-4542
1937
3620
506
-7134
3452
4012
-7663
-404
-7542
-2758
9629
179
-1442
8640
-9361
-3024
-3206
3524
5082
-5437
5947
-9154
8684
2271
7004
6857
-7049
9164
3369
-2193
4522
338
1952
-8613
-618
-8394
1430
6910
-9337
6035
-957
4996
9426
-8253
-6915
-1502
737
7350
-9829
8435
1740
7212
25
-1297
-991
2488
3681
-3943
-2611
93
8005
4324
2084
4311
3665
8907
-9583
4025
2202
8671
-3827
4396
5237
7199
-5948
-1131
-4065
-8063
1115
-1857
-6757
-3361
-4138
-2518
4351
9399
3269
7087
-7654
7731
2415
5526
-3957
-771
-7683
7375
-8928
5862
3514
-8361
-5319
791
-8587
-1110
-6595
-257
-2156
-1785
2504
3739
-9339
1144
9359
-2719
-5093
-9281
-8016
5839
6777
-293
-6468
7527
-6062
-3537
-8518
-7413
-4894
-8924
2174
-3280
-7047
759
-1153
4885
-8281
-6916
-5301
-2546
3701
-461
-8435
-9995
1995
3691
-8923
-6904
7231
4475
-7384
-4554
-5043
-2912
7834
-2203
-6214
4577
8364
7183
8999
-4091
-4584
2918
-5824
-7458
747
9814
-835
8319
-910
-5682
9350
2207
2591
5926
4457
4959
1740
-7827
-1114
8504
6500
-9076
-394
-5329
-2171
2090
2052
-6371
-1418
4751
3449
539
3425
2025
-7098
-6444
-1170
2906
-3213
5979
3259
-9860
3101
-1389
-6009
8002
-9838
9613
8220
2973
5769
-923
2930
-3715
109
-1509
1957
4264
-1951
3277
7664
4621
-69
3155
-7766
7202
945
-4000
2046
-1852
4651
-7274
1355
3784
-2037
-746
-2123
3147
-1469
-7654
6290
-2207
9605
3612
8028
-9450
-1395
-8777
-4428
-2198
-1448
1988
-4154
-8454
-9565
-8862
-4230
-4373
-7017
-2704
-9288
2515
3065
-2263
512
2664
1793
-2268
-816
-2952
-1098
6602
-9719
-4692
9141
-4315
2725
8975
3022
-5248
-6591
5555
-8884
-7927
-6563
-4246
-8323
5522
7640
1109
4149
354
996
1680
2966
-8611
7809
9715
-770
8174
-7901
1983
-1989
-1552
7398
3128
8273
-5198
3509
1558
5002
8876
1811
-1874
390
-2291
826
367
-9386
-3832
-3555
-1291
1483
-9608
-1681
8100
5226
8370
-5027
-4429
7786
3708
-6957
5634
-1378
9845
8098
-5876
8745
6269
-400
8050
7001
-9130
6647
-8288
-6910
2579
4559
-2707
8698
3468
8475
-8597
-3523
9445
6387
4745
2002
-8807
4433
-3841
851
4198
-4099
-6506
-1267
5251
-1231
4374
-2304
9860
-1209
-2130
-7360
8127
7164
-3867
-6972
87
1321
-2420
-6394
-7585
-3885
-2410
2978
-6731
1425
3543
-9875
5925
-9734
7846
6108
6735
9492
2290
-8381
-3030
1858
3560
9551
1854
-2305
6414
-8140
3913
-9807
-8942
8973
9480
-1505
7443
8978
2061
2145
2608
1320
8384
9567
178
9862
-9404
-8531
-6507
-1096
-5934
8455
-8046
5640
-4762
7882
3201
9458
7455
3494
-121
-3543
5061
2463
-8010
-7569
7068
-7236
-4170
-4742
-5037
4050
141
-4636
-5781
6475
1950
-3855
3301
-7873
-9562
2580
-5782
1473
-3245
7508
-7100
517
5136
2822
-2217
-2921
-1446
-2854
1081
1582
-1485
3012
-6139
-1855
5650
-7480
511
-9029
4974
-5942
8770
5738
-7816
-5704
171
-7800
2999
4835
-1538
7452
-2608
-3163
-6354
-153
-7111
9743
8761
-3903
-5682
9425
-3871
6922
-7136
-1993
-9444
-4148
-5772
-5566
7637
-3989
7015
8594
7476
-9203
-6661
1712
3797
7303
-6898
5004
1707
-2419
160
8850
-5433
2615
-3916
-6277
-7424
4370
-2336
-5479
8629
1237
1056
-9342
-8946
-1509
-3479
-71
-1868
8113
-1150
830
-3995
-5684
3597
7484
8991
-8238
-3348
-9076
8357
-8324
9447
6871
-4625
-3127
-8976
4782
3556
7699
7849
-9733
-3398
-4554
133
-8442
-7659
-9177
6979
-3304
3650
781
-4982
-9855
4620
3849
-9998
3185
3072
6484
3728
2358
779
4659
-283
-961
7810
3717
2090
-587
4705
-6521
-2766
-4643
2066
1389
-830
-5836
5673
1373
-4264
6537
665
-3550
5821
1864
-9801
8789
-1097
5253
-6417
-3400
-3054
7165
8337
-5558
-1399
-1012
253
-9041
4675
-4062
2413
3549
-8364
9690
-9735
6726
-9414
-6295
-7231
7878
8650
3466
-6566
8413
575
-276
7946
-6058
1839
-7513
3538
-5922
-4225
-7199
5359
5614
5323
-2300
-8341
2692
-9319
-5278
4414
-2730
-6241
-6502
-2121
-2099
3907
-3193
-7771
1814
6685
-9647
-8628
-8626
998
5656
-1092
-6943
-3639
-9956
-2789
-6153
555
1252
-3079
3424
9990
2740
-200
4311
2437
-6451
-2704
1486
7517
-4634
-9483
315
2896
5668
8572
-2645
-6134
-6021
-2628
606
8480
5606
1258
-1565
-5453
-6336
-4429
3937
309
-7568
5432
1041
-1159
6519
2270
-115
8983
6061
-3455
743
-3956
346
-1304
-5781
-4391
6301
-128
3185
-8415
-5693
-8096
-4892
-6433
8063
-3840
-2806
-1426
-9402
9403
7088
1202
-7146
2528
-5357
46
1398
-6235
-1670
7883
8863
9751
2188
7796
-3829
3275
3179
5794
-1515
8422
-6844
-7063
1691
-5776
5862
-3369
-3506
8214
1658
-9015
2444
7386
9892
-2887
5106
-9670
8075
7581
-7501
-1682
2873
7992
-6812
7704
8615
-3832
-3639
-5874
3211
-4735
-3787
5735
-7247
72
6151
6427
3294
2475
3730
-7426
6201
-6076
-7315
8386
5368
-7977
-209
-5725
9606
2875
2104
-7025
4322
-6665
-3035
-3781
5982
3746
5155
-3641
7705
2566
1797
535
-6437
-5405
991
-4914
-1914
-7616
716
3802
5993
1115
-2950
5064
-2682
7515
4007
1577
5286
-611
-6467
-6180
-7764
1433
-5715
2467
-9086
-2751
-6350
-3131
1836
-3876
-301
-3491
-3689
-3151
4824
9931
-2145
7805
-5166
-9054
-2164
6801
-5583
850
6232
-6299
-873
228
-6165
-988
-4422
8562
-9200
-9791
9095
976
-634
9455
3303
6098
-2366
-2544
4854
8744
3641
-9099
6980
-1555
6722
8714
-2821
1730
-3798
6256
9013
9447
4046
-4435
1158
-6523
-2899
-2341
6513
8735
-8474
3644
-3380
-6892
1815
-9067
-338
573
462
4198
-2497
8652
-2955
-4800
726
3609
-556
9703
6447
7349
6911
5931
-1185
-4533
483
9143
1786
9794
-439
8827
-2651
5237
-6375
7344
-2418
886
-3345
-1367
-2318
5056
-7481
6647
3500
1792
-4637
-4859
4237
-6606
-1642
4900
-7590
-8697
-9041
-5628
4686
721
9458
5897
-3424
1753
4810
-5157
-4907
8478
6799
9419
9857
7907
-6340
-5982
6880
5922
8394
-5206
-7387
-6978
-2489
7244
-6494
-1015
-1723
6321
-8201
-9551
-4930
1127
1299
3702
-5227
-9479
7916
-9822
2309
-7536
-7605
9034
-5466
1262
5601
-584
4828
8797
-247
-5465
1636
-4597
-1775
-1057
4363
3564
-600
-2646
-6226
9875
-4711
-5857
8899
3672
-6852
-9178
-1904
-384
-7941
5648
-3874
469
-2544
4929
-1975
-1195
6638
-1626
2802
-8588
1499
2080
-6094
-1132
-5336
5429
6038
8418
6709
5457
-9370
703
-2141
-7012
-1881
9388
-5312
-3187
-4898
5094
4463
-9852
9382
-7000
4849
1945
1844
3095
8949
1902
-8252
-6540
1373
3474
6495
9763
7176
7813
-4180
5412
3210
-3917
8130
493
-4348
-4471
2434
4811
8438
852
9973
5618
5534
-1621
9643
-4953
-6670
-2412
6170
7294
8618
2981
7666
9554
239
5729
8285
-6946
-1950
9053
1328
8558
709
-3908
-2426
-9026
7919
-4053
-930
-3854
-54
-971
9813
6528
-7615
-9361
-3938
-5221
-347
-9258
2292
9005
3157
-7114
-6266
962
-2134
-8711
-4792
-4645
-5698
-8955
243
832
-2304
5810
-9132
-4656
4703
-44
-729
-617
-6285
3423
9457
-6582
7641
-8537
8220
-5216
-4608
5284
6932
-2906
5158
5502
6229
9935
2376
7571
-6554
-9741
167
-8991
-2126
4009
4028
6699
-950
200
853
-6166
8629
1592
-1133
-9890
7075
3971
-6476
1250
2476
62
5588
3240
-8751
-8673
2382
6847
-6000
-4690
-5354
3619
-6147
-8508
4995
7670
63
-6984
-8659
-144
9513
6629
1811
-4761
-5256
5685
7526
-2732
-8358
2837
590
-2425
6999
-1886
-3688
7002
-9102
-3057
-8664
-9934
4856
9592
-1813
231
-6020
-4628
-1455
-6537
-6717
-3650
-5217
8082
-1067
-9363
4458
-9617
3537
-3836
8442
5902
-3168
5005
-4436
8734
-5120
-736
-467
-4323
9273
2731
-7042
-1825
3811
-4710
2718
4423
-1420
8107
8486
-9935
2576
-931
1833
8565
1689
5454
3502
-6613
-6166
8089
-8980
-8520
-9114
-6016
8710
-7059
-7071
7900
-6952
3031
8993
-1762
4780
786
3307
-6134
-5161
9544
-799
5546
-1300
4673
9054
3311
-9398
-236
-9721
5387
-6223
-9388
3807
3412
7629
1572
6188
5415
235
-3039
6221
-1932
9477
-9265
3096
-4942
-5118
-4495
2990
-2382
-1287
-2419
-1515
-6323
9064
-1567
-5957
-2595
-2592
-637
4001
9337
-461
97
4495
4300
6114
-3013
658
6911
354
5291
-4013
3126
-690
-1182
1915
1327
-3147
1349
9262
3767
27
3154
1627
-9800
-3855
-3485
-77
-2704
-8953
2638
8674
-1400
-3046
-8676
-9058
-2844
-965
-9060
-91
-4764
-8819
365
6979
-6814
7522
1781
6478
8614
-338
4646
6430
-5486
4635
5652
-1455
9711
8237
8650
-7633
-5036
2547
-1980
-4550
491
7526
-9217
-1195
8262
5404
-1623
8542
5443
-5099
7844
-3755
-5100
9232
78
3488
1614
-2285
-9935
418
-6115
4551
8996
2321
9290
-5905
-8487
-8334
2627
2382
-1420
-337
594
-3173
8363
6600
3000
4089
-5024
9774
6727
-3805
-8931
-9746
-2098
2797
2842
8457
-3568
-3344
2013
6827
-6865
4708
-2770
-5718
-1902
-8519
9962
-2774
9209
-7456
5101
8636
-4580
4521
3166
-3056
-2761
6379
-3049
-892
-2691
-7542
8912
-7644
2939
-5175
-6054
-1746
-7491
-3876
463
3002
-2857
-8180
3702
5534
3632
8121
7869
9649
4633
6962
640
6136
1388
9440
5346
-1809
9238
7989
7128
2642
7497
6742
7442
9895
-3749
-5766
5526
5569
8591
-5004
-8592
4242
4493
9504
7958
-3767
-4749
6879
-3351
-4855
-8115
5442
9848
6479
-3219
-3495
-8375
-5235
-6072
6792
-7870
2281
-491
9596
1318
-2201
-8572
-3669
-2058
-5563
8866
-9230
-5195
5655
4113
-7006
-3699
-1799
-5324
7845
9105
8161
-2790
5663
-7003
-1204
-916
6880
4906
-4477
-4122
4333
-4122
4047
-1992
-3960
-247
862
1101
-4694
-6178
-9267
-7487
-6645
-1783
-1682
-6241
-1236
5186
-1877
9217
-771
6866
4139
6943
1962
-6907
7089
-4219
4639
-7949
-1759
2330
-2955
-7082
3256
-971
-4430
9995
314
8411
-9122
-3090
8321
6216
6622
-721
3135
-8548
-5365
6443
-3650
4017
-1617
-374
-554
-9730
-1059
6538
1731
2764
5868
-1490
-6511
-9498
-8828
-9948
-7566
2614
8522
2249
-2872
-1758
473
-1426
-5162
-9398
-9582
-9758
-2052
6043
-1490
-8175
1108
382
-7388
6601
-5944
6666
5643
-5220
8155
5841
-3383
4824
1971
-6184
5306
9086
-6481
7489
-2905
-6239
-2064
9569
-595
-7355
-4376
-1670
5028
-727
7099
-8795
-9668
6025
3313
-3935
-7984
7159
1601
-280
2704
-4004
-7931
1647
-4452
-9740
488
-9343
8029
4148
701
2723
-3626
4167
-6282
-8258
4650
9848
3759
6311
2257
6465
-6170
3349
-9894
-431
5799
8641
-262
2633
3981
1936
-1478
1686
-423
-765
1474
-6430
4287
-3121
600
-1456
-2596
3415
-3229
5814
-592
2824
-5867
3138
-3838
4931
7521
8490
2217
-5960
4153
6624
1753
5874
4176
-4115
9411
4006
-2053
1150
-8932
9705
5419
-4245
8856
7554
-7555
-2037
-3273
-5084
7284
5508
-957
-9594
2144
-8910
8777
4739
4575
8284
-3722
9525
-293
2947
-4052
9017
-670
-3682
-1728
8129
5488
-4747
-4898
-1738
5617
-4556
7867
4407
8216
-5010
-4765
-4609
4206
4964
-8831
8894
3437
9503
7437
632
-691
-9199
-3878
-7686
-8941
-4073
-9058
5889
-5780
7513
-1378
-1856
2327
2975
-1943
-8817
2698
4807
26
-6944
1319
2869
7097
4074
-415
7775
-5724
3338
751
8113
9459
-3822
9560
8676
3419
153
-6289
990
-557
9803
5720
-593
-8333
-9911
9389
8183
6740
2479
2907
584
2986
5886
-9429
-3938
-1488
-1505
-5040
2256
1019
-2416
3527
679
-3399
9468
6546
1593
-3429
9087
-8867
7728
304
-7498
4279
-7750
-6414
-9807
-9
-6644
8522
1486
-6465
-5986
6839
-6132
759
-8150
-8268
-9725
-9504
-8469
-4307
-9516
5455
1169
-7622
4237
-6820
-5850
1993
3001
1056
-3596
3778
3658
-9723
6836
2601
3363
-2255
9965
661
-1744
-6289
-6131
3637
-2138
-9302
-7794
-1477
1921
7633
1646
-4601
8692
-525
-9291
-5274
4503
9506
6479
-2366
-7486
9704
4378
7326
251
6504
1075
-6286
1171
-5541
7183
7038
-6089
-4
-6205
1931
2461
8894
-8115
-4385
-7080
9425
2005
-3707
-5126
7256
812
5156
1531
-5534
-7127
4033
4020
-1466
-1922
3
3120
-3549
8442
-185
9909
9440
1417
-2852
-4421
-7753
7960
5447
2352
8906
-7777
-6109
7094
4465
-8366
-7807
-280
-81
-4959
935
-3952
828
6906
1554
2991
-4751
-791
3471
2304
6922
-235
4310
8252
6115
555
4308
345
833
214
-2613
-851
-8804
-3035
-2916
1050
5620
2835
-6261
7913
8714
6745
5625
-20
3922
4473
7951
-3398
-9506
-5480
56
-307
-2688
-597
-3016
4801
-4723
-9423
-7354
7057
-1563
604
2797
-7154
-3402
-6637
-703
-8664
7081
3231
1186
-3878
-5658
-7712
-5124
-280
2563
-1803
-9329
3591
1582
-7676
-7779
1893
-1551
5754
-1335
-2866
-1611
8093
-4539
-418
-7054
-8879
5121
-7917
6896
-7919
-4105
4885
1675
-5326
73
-4814
710
3444
-8426
2070
899
-6283
4750
1873
-6556
6499
4225
7463
-9229
-9431
7467
5463
-4211
-9452
-6909
-5882
-8224
9671
7046
-1856
-20
6910
-4041
-3551
-2337
5689
-436
3764
-7415
-858
2698
-7517
-9034
1126
5817
-8165
-1069
4658
-3939
1172
7505
-2862
1356
4723
-9767
6255
5152
82
-9969
-4245
-4359
-1247
1074
-6609
9099
7518
-4732
-311
-6631
-9790
7563
-5637
1862
6379
-6237
4796
-1599
-3561
-1208
-4651
4259
5683
-3763
-1989
-4273
1274
-8252
-5086
-82
2834
-8275
-9257
-1918
5334
-7794
-9851
3855
-7350
5396
-3289
9987
9993
-3287
-1269
-8355
-7712
972
6511
3386
1327
-8225
-7841
-6622
-8999
-1959
-1517
-2318
5097
-2267
-7256
4896
6596
-2385
-8368
-2810
6451
-4506
-3935
-7889
2798
9951
9306
-508
2073
-7878
-7997
-5660
-4908
9095
5989
-590
7760
6427
-1589
-8038
-9116
-8005
1469
-6856
-1605
-6065
9909
-7878
-6202
8395
-6693
2959
2594
6191
-960
4319
7233
-5408
-293
-5820
-7200
508
-4479
-1140
1157
-2981
6857
6973
-1845
-1434
-478
5035
-8119
2308
4574
3767
-3029
-3798
-7557
-6508
6226
-6485
-9783
3199
-1080
-3416
7146
-7657
-6552
-2460
-1015
5363
9003
-5760
-4930
-5754
-985
-8800
8922
-8035
-6278
3677
7980
-4349
-9588
-1896
-5543
-8861
-5229
-1689
-9030
-8201
-790
-277
-2115
6157
6142
-4
9473
1893
7316
8048
-8833
-5328
7303
3385
-3287
1997
-214
-9953
9600
-5283
-3650
6983
4207
5891
6155
-5437
-5888
894
-4435
6534
-6871
-9944
-2350
7819
-5915
-6342
-4615
3683
3380
7041
7315
3658
-1654
5666
-3867
7239
6664
8583
2666
-1694
-2148
-1039
-3106
-3178
5274
-1747
-4305
-7619
2734
4634
-3631
-717
-4166
7215
-871
-7886
3039
-2093
-9312
9748
6362
5022
-4538
-5743
8865
5203
-1137
6240
1943
4627
9688
7255
1151
5269
2084
6657
-6093
-537
-5494
-1280
-9871
-5991
-7973
5383
-4843
-3614
-237
9001
4672
-449
-6756
3029
5282
6043
-1876
-6287
-2617
-225
-3896
-4917
-9541
7724
5301
-7855
-7905
-4609
-3202
-2587
4485
-6015
3249
-4510
-876
-4944
-5422
43
-9398
-6465
-6834
5350
6583
-470
-8484
4102
-9315
6910
-6006
-1343
5311
2653
-1998
-36
6481
4426
271
942
6807
9288
-8362
4914
8900
-9855
4995
8513
-8886
8185
-2676
6988
-437
5841
2316
-1625
-1213
-5911
6839
8712
9579
1382
-7810
-2684
-5711
-7985
-5792
-3284
3779
-4114
5805
7316
-4050
-1222
-9446
896
8058
9018
8906
8447
2290
-6753
-5548
3175
-2926
-7367
-7166
-4757
2930
-2567
62
-3149
-6832
5646
-6222
-8323
195
5692
9820
-640
-4907
-6205
2681
-5453
8057
9968
1782
1058
-9271
1538
8750
54
-6942
-6722
6603
4835
2812
-2517
6165
4555
-4430
840
-2426
2278
-3268
8871
-6765
7958
-8793
-920
-8132
660
6965
5310
1080
4666
2900
9395
448
5819
-2059
-8366
-7583
2272
6507
4429
5869
4810
-9102
-7124
-7420
854
3921
-9216
-7323
-4562
8831
-2322
-5828
2015
-8596
-3119
4399
-1097
3222
-228
-5586
381
7100
-4819
-3373
3017
5849
-4707
1081
5642
2706
-3231
-219
-2647
688
-1123
2488
-9022
8188
2094
-3068
2075
-4977
-5131
-6921
4511
4218
-564
-1964
-8042
2283
7858
8218
-5793
3807
6057
514
6635
7603
4200
-8827
96
3057
874
7843
-5104
1590
-6143
-2676
9866
-2509
2223
-9317
2389
-5625
5049
-474
-8668
-744
4064
-549
1509
-2094
796
-5483
-9928
-3178
-8725
-6293
6394
6762
-868
-4988
6614
-6115
-5149
9068
-5626
6844
-625
-71
-4499
9761
260
-9829
-1209
406
-1643
5049
9649
-1918
3775
9120
3718
-3506
-5394
8244
4463
-5009
-8466
6993
2122
-7738
-3573
-2066
6044
-6096
-4988
-2887
6191
-5587
8720
269
-1769
3263
6881
-7499
-9548
-2313
4371
9170
-2262
4140
-1911
5419
8851
-5852
-5873
5138
7722
9117
-1987
9229
8446
-7345
-3073
-5259
-6511
4953
8129
1747
-2372
-1043
8487
4067
-3807
-8865
-6822
848
-3026
6498
-9919
8475
2978
-6957
2285
2167
7889
-7500
-8169
-4597
3783
-8176
3936
7551
-1524
-6501
-5615
-5786
-7577
7269
-8381
4411
-962
826
9450
-4223
959
-6581
319
-9584
1772
-1444
-5652
-9126
4224
8012
3783
2770
-9930
-1115
-3910
4105
1183
9050
-7890
-3525
-9136
-7917
-309
-495
2169
6682
-372
2798
3902
-1761
8030
-6405
-6243
-9221
6108
2544
-8831
-2167
704
-6210
-4007
-7454
-4000
3960
8843
8309
8398
-8870
-8288
118
-2250
6654
8841
1685
8926
2822
4976
-8101
-9558
3432
9936
-7432
908
-945
7010
8350
2156
-130
-8032
1001
9771
6017
5306
-3301
1974
7985
8474
-531
4004
9276
-6505
-8965
-7080
946
6935
-6693
9465
5528
-7946
7344
1659
-2510
2667
9632
9510
2282
4026
3234
-211
-8198
7944
7557
5516
-2533
-1184
-4811
2410
4375
-2938
1589
7722
4524
2880
7515
407
-2762
-9638
8956
5197
6105
8194
4390
-8881
-1105
-4506
5088
-5887
-333
-5284
727
-828
2846
5575
-1205
-809
-3918
9474
-1105
7955
6812
-8617
-9356
8916
3979
-5786
7222
7235
-7285
-2825
-8482
-1848
-5441
7199
7753
-7576
-9313
9274
1583
4340
-797
7386
-5069
-3330
-8781
6588
-6367
849
6586
-5372
-3409
2747
-5747
-364
-6894
-6929
6946
6756
-9151
-3636
-605
6471
-7169
-5098
1473
8002
-7789
-9036
4476
3
-373
-905
-5715
-9595
6591
1080
-9626
5726
-9295
-6147
-4521
9383
7605
-7579
-1497
5312
2433
-8309
-1091
-559
-1341
-5045
-1921
279
7246
3756
6954
-2969
-4210
-4639
2847
8658
-3085
6953
1227
806
8465
-3235
-491
8712
443
-5338
4939
3196
3760
7452
9342
-5296
-6508
-4487
7480
6331
6781
-7726
-6924
7719
-3979
-9828
-6262
4700
242
-4582
6173
-8805
630
-846
5879
-4638
3200
-9020
-7302
-316
-7570
-6091
-7254
-1566
-8142
2581
-2606
-7007
9752
-1163
-6267
1105
-9771
5660
-944
-2378
2001
1074
-5305
4443
-4470
-4809
-1686
-1110
5936
-7030
-8777
3753
5704
3063
-8798
1045
-117
-3411
-2827
-552
-6009
-8593
7249
8149
3302
8220
-2781
7862
-6782
61
-3254
5307
-4285
-7733
4682
-1105
9925
-9046
5343
-3209
740
-8818
-2525
2865
-4731
-6671
7911
5373
-4792
-9283
-9678
673
4411
-678
931
5583
-6231
690
7447
7695
5601
-4397
669
-7442
-7919
8179
9026
-2324
-3679
-5474
4842
-1841
6715
-1791
711
-9513
348
-3218
389
-6713
-4688
-1422
6636
363
9490
6517
6444
6341
9547
-1221
-5743
-8799
5529
2696
1908
-7436
-8274
3718
1348
9791
-5526
-1642
8995
-3723
-4512
3723
8114
-9770
6496
-1140
-4534
9734
-4539
-8916
1156
6688
5484
-1799
7224
637
2243
1095
6694
2773
6520
9837
9497
-2073
-1115
8097
9439
7658
7542
-4394
6121
7114
-8378
2615
2958
-9097
-8524
-7542
-9604
-5434
-7173
-2754
2470
-7136
-9870
7554
-7191
-6094
971
7316
-2661
-6096
-5695
-7939
9815
-3671
-1002
8967
2430
2529
-82
-9481
-7214
-8732
-7244
-6421
-8695
5816
-8734
5263
-1326
-508
-19
6983
7315
-8319
4104
-3651
7957
-1201
-1005
-6333
2519
3663
3831
2507
2948
-5826
-7750
3193
-8950
-4559
5233
5471
9445
647
3331
-4649
3158
3263
-8864
9726
7223
-848
-4668
-4785
-3851
-4601
-3895
2862
467
-7930
1913
-4293
-7044
3154
-3556
-5860
7407
4164
-1060
-935
-4838
7820
-7541
5009
9378
340
-6480
-1116
-3868
8223
-5000
-9314
-4182
3986
9439
340
-8458
3170
-1037
4331
-1403
-7414
-5591
6781
-2214
7755
5720
748
6702
-9334
7488
-7744
-2979
4206
-8921
-7952
7373
-5198
7894
690
3926
9489
5310
-6940
-8201
-9280
4628
-9620
5905
-3236
2194
6885
-4693
9341
7168
3039
6763
-8340
6844
838
1474
1564
5181
8167
-4245
-3977
7600
8114
9252
7452
7533
8309
9554
-4978
-4967
-2059
8812
7058
-911
6854
-2712
1422
2254
-4947
8274
-73
-7586
5632
8904
1642
7886
-1615
9031
-2028
-6560
1101
9488
-3801
1496
167
-4786
6610
-5744
-920
-6613
-2801
-7575
-6
5817
8134
9352
-3189
7790
8564
-9729
187
2676
-7926
759
-1403
-6368
-5605
1920
1150
3390
-7897
-2384
9075
3497
-2563
-8974
2599
1625
6040
8917
8221
-469
-9118
-4651
-7916
-6380
-7194
-5959
-2462
-1022
-5795
-1
1236
9077
1576
-6679
1227
-8451
1808
7182
-4432
2535
9628
6361
-4329
1325
-8863
6004
1731
-5904
-2860
9372
-1685
-396
9248
-7161
7148
1400
-3281
-3775
9135
6981
-3449
2324
-9183
-5417
9232
8651
5527
8675
-9733
-8249
1851
2684
-7442
-5501
-4296
7139
9804
6702
-4857
377
-3304
-9984
8102
4956
-4968
-405
-9121
-3277
-1612
-3388
-9251
-2844
3203
1695
-7897
1535
8921
-1827
3890
-5394
5540
6656
5929
9553
-8138
2472
-5829
8692
3748
-6819
-724
-6615
4022
8028
852
9012
4529
-1428
-8049
-2537
7630
-5480
-7611
7027
4156
1570
2720
-3004
2335
-4855
2566
-2424
-9623
-2345
956
-2730
-8997
-6036
8178
9457
3359
1103
7228
-9061
2309
-7963
9893
4534
-6664
-1906
-3563
-3412
314
1732
4925
-8332
-632
-9218
-6380
-739
-3752
9832
6096
9980
4260
-5498
-871
-209
-5523
6479
-3918
9774
9231
8609
5175
-7304
-944
-9165
-2434
6908
-906
-1630
2
-5740
6637
5331
-1943
-1736
2886
2662
8988
6276
4743
-8802
8948
-9330
-4633
-9966
-780
1113
1140
-2123
-7509
3172
1535
6397
8557
-7852
4995
-2633
5292
9334
-2595
1798
-4603
7476
-4263
-1263
-7637
-6672
3487
-1240
3569
-8784
-9130
-9082
-1161
-1572
4713
320
6516
-6746
-2276
-4809
4830
-9059
8903
-102
-4542
-9728
2781
232
-8317
-4109
-4670
3973
-8783
-5028
7461
-8508
4600
-3958
8609
-7417
-6005
2216
-4695
-7646
-3124
-1706
6647
-5139
4204
260
-2912
-9344
-6691
6293
-4651
-7407
9494
-8433
-3488
5495
9314
-4663
-7092
4716
-8717
-5236
-2399
-189
4225
-5053
6751
-545
-94
7388
9986
4074
-2978
-6950
-6706
-563
5495
-1798
435
6899
2335
8922
-8972
-2344
2454
279
4974
-2154
4867
7888
1616
9756
-7687
8388
6251
-2664
-6948
9898
1748
4163
2523
2174
-6826
-8789
7805
9829
-9131
2868
-4195
-8643
-2764
-1224
6294
7837
-6452
5785
3606
-5296
-6488
-6241
6357
4119
9916
5333
8852
-4923
-7902
7181
-8248
4804
8188
-706
1119
-3205
-9178
4781
4674
-8389
-2307
6504
148
-4067
591
1024
-6993
8172
-5791
4764
-8495
6001
875
-4557
9666
2035
-7618
-2784
-2211
3379
7716
-9156
-1622
3472
-989
7522
6650
6476
-1984
-8346
-5561
-4323
-9217
-8368
-136
-1484
-6158
8190
2312
2175
-5163
2698
3309
523
-9954
2912
-5813
2149
-5407
4151
-2310
-5110
1964
7136
-4426
-558
-4142
1363
-4626
7102
6548
-9599
3808
-4553
8410
6466
-9861
7647
-2262
7584
-6844
-6239
6345
3346
1545
-8035
-7450
-940
2892
4304
-4838
-7255
2413
-1294
-7028
-8571
-3445
-4811
-4582
309
-15
-5985
-5174
-419
1770
8945
7100
6050
-4392
1932
3538
4413
-1170
-8831
4464
7592
-2703
-4087
-3763
9053
-4956
-2666
-2972
8073
-1564
-6414
7242
727
-1703
8707
383
-9746
1619
6615
-3910
-1416
9029
-188
490
6997
4258
-525
6939
3406
1375
-7784
8290
8389
-2610
7728
-4797
-2514
1934
2544
8252
-3456
8144
2874
2205
-7566
-9541
-9655
-7956
6903
8510
9384
-2503
-4924
3095
-6179
-4236
-1980
-6583
-9879
7151
-2935
2985
6340
198
-3228
9772
6900
2951
1303
4623
-5029
9428
9869
4494
7941
-8394
5288
3183
-9923
6982
6205
9814
-5648
-7095
-5830
-5394
7887
-8184
-895
-2538
5554
-6287
867
9516
-256
3004
2845
-7278
851
-5780
8143
-4041
5520
6630
-6242
-6688
5730
5044
7132
-8061
-7016
-4564
-4300
5374
1503
-9395
-8986
8685
-4026
-4295
9505
-2121
6804
-3576
-9545
-5928
8872
-9721
-6836
6079
-1444
5188
-3851
-5269
-5614
3336
-6437
3693
5681
-6079
-8601
1991
1384
7787
4320
-7792
1581
8162
-1039
-9146
1098
-5553
-3986
2952
6064
1776
1081
5351
3035
-993
-4316
-8850
-73
9190
9446
4516
-647
-6650
-7346
9021
-4512
-3226
5482
7140
-6270
7904
6513
2648
-3296
-3659
6239
-3885
-1831
-5705
-1682
1070
-3611
-6180
-3057
1828
-2270
7366
1850
9015
9463
-3152
4795
5755
-8514
-8392
5855
-9612
-5754
8417
-4379
-5429
-2404
195
-6377
4810
-5653
-1646
1931
-5852
3439
-8627
9992
-3474
-767
-3652
2296
4660
2771
3184
8483
4596
4181
-4116
-9989
-3764
-6399
528
-3776
8350
9461
-4199
5791
6874
4431
-1431
-5299
2320
-4812
2764
-3038
603
-8400
-4103
3648
913
-1984
2216
-4765
2177
8731
8572
3822
302
-2898
6640
-9229
9976
2131
-5604
6753
-3768
-6209
1659
2176
-1309
-4227
-2219
5381
3133
3094
-2144
9025
1032
6397
3135
-2165
-7258
-5453
98
-7929
5639
2094
-4043
9035
4394
4895
-5143
4831
-7777
7999
2964
6513
-832
9247
1098
2180
1341
8938
-3325
7128
-1873
2053
4843
-5649
4407
-1909
-4185
-7851
7697
-2721
-3061
-7230
-9689
7361
-1995
5607
80
4749
-5606
-3939
2160
2998
-1901
2877
8056
793
9099
4448
5196
-6802
8913
3361
-5714
511
6936
-2915
9684
-6365
-4247
5008
-1509
-2378
3378
2690
4247
3629
-9514
8123
-1956
191
6934
-1690
-3753
-7579
-4119
3505
-4722
9342
9844
3330
3575
6388
-8817
2770
-9543
2345
-3810
-7162
3305
7145
-6257
4907
2060
-3378
-4420
-1458
-3939
-4900
6437
-2057
-244
2204
5736
-8523
8172
-7701
2806
8192
-2925
-5794
8298
-8151
-8976
-6123
-1674
5546
2920
-996
175
8195
9397
7459
-6711
-757
4947
7244
2118
-1190
2353
6028
5192
6961
-6771
2758
7970
-4180
-9727
-8794
22
-8480
6893
2926
-5574
-5722
1788
-2484
6754
3211
3463
-8680
6355
-3565
4297
2542
8237
-4937
-1822
-4305
1454
-6217
-2805
7681
-3110
4732
-8625
8598
-9972
8712
1481
-2266
-1650
-1573
2723
487
-4078
8304
-1079
-4126
-3914
-5476
-7733
-103
7154
2246
7716
-952
-3164
-1946
-2399
-1852
-9096
6406
9581
2023
6932
2141
-8810
1975
9081
-6793
6089
-2416
-813
8192
-5687
5476
-6445
1538
6902
1926
1064
-7491
-8634
7644
5585
-2880
-6157
-5847
4219
-1482
2436
-8637
1243
-7362
3081
6929
1639
6712
-918
1739
-6946
-9852
-2920
4078
-8720
-7093
-9985
-2974
-591
-4722
-5455
-7049
7900
3345
-9561
-4554
6867
-9513
-541
5996
-3845
9036
-8776
-3142
-2543
3142
4223
-7132
-8020
3887
-8563
-492
-7184
5875
1451
-2141
-4770
-2688
3674
8309
-2585
-794
8450
4698
-1460
6201
862
8491
9446
-5175
4005
2611
-3989
3905
-1665
521
433
-7293
-40
-8415
2736
5221
4475
-16
9851
6192
6369
7486
-8029
-2458
1340
-9791
-5669
4350
-6483
-5716
6334
4187
7218
-2748
1194
-4545
-3167
-6838
-4959
1551
-7392
-8352
4834
-8085
8129
-5256
-4989
-6746
-6100
8287
-1397
-5778
-6899
-2105
-5420
6756
523
-5178
-3010
2650
4098
-9234
768
-9304
-6329
-9269
-7573
6765
-7211
5015
3923
-7307
6112
5687
2713
-7294
-4571
-866
-8451
-2220
-580
-196
1392
-304
-9760
2726
3993
-7059
-3023
-2270
-8711
-7294
-6304
9664
-1472
2610
8446
-8037
-6646
-5350
256
-5184
-1861
7011
1386
2240
-5600
4983
5963
-4133
-8534
-7007
4194
-3419
1304
-6739
6286
-6869
-3158
2443
4769
8035
3774
3490
-2970
-513
5041
-2056
622
-8695
5982
7315
6920
4217
-586
9638
-9223
-5574
5700
-5167
6550
8067
3690
-9903
6515
-4798
-2795
-7751
3197
5438
1316
6941
76
-6550
-6630
1374
7957
4614
6368
8105
6066
-2679
-7914
8821
4438
8187
-1313
-848
7302
5615
-2127
6128
2224
215
2530
8378
-4790
-834
4166
-2360
3274
-9079
8331
7579
-7778
-5653
7410
-7
8590
-5523
6769
-3318
9831
-7869
-9328
4879
-8707
-1270
-9091
-5328
-8532
611
7964
1409
-9065
-932
-2957
-3591
6445
7150
-2213
7573
9802
7401
-6851
2281
4628
7459
-9712
-680
471
-672
-2226
5188
9860
8699
-9536
-4043
-7702
-5356
-1825
-597
3676
-9657
4286
-461
9974
6816
574
-1667
2791
8621
352
3328
-1216
2252
1894
4472
2705
2991
-6887
532
6957
-4616
-6782
213
1866
2931
6440
-208
-1128
-6951
-7513
166
-3717
6785
-6689
3000
5007
-2425
-391
3
-1946
4499
1548
-1787
-1366
-9404
-9018
-8821
-7696
1917
2357
-8888
908
-5933
-775
-9136
-962
7638
-8086
6836
2157
4950
1534
1294
-6575
9688
-6402
-6117
-1066
-1187
7437
-9151
6267
8129
9951
348
3160
5178
3477
419
-4515
9390
-7308
-5229
5054
485
-3950
8895
-3467
-8863
-3006
7917
2443
-596
2621
9073
-479
-6213
-4978
9682
-3927
123
-4167
9615
-4132
7844
1912
-4823
-6602
6198
-491
-5454
5393
5079
2096
420
6184
7298
-1312
-9735
6786
5868
3801
-2709
-3459
5047
-1556
1766
-7217
-889
9355
-3211
-6425
2890
6996
6964
-2768
4841
9650
4216
-3893
8536
-1269
-5854
7657
7903
8978
-7303
2990
1621
-1758
-3834
2830
-2367
8843
-3558
9355
3641
8296
9472
291
7727
-2785
6550
9087
-7156
1665
-2110
3198
3072
-3741
-7687
-985
3256
1404
7796
-5476
7806
-5991
5857
-9954
-8927
3147
6007
-2797
1610
2749
3904
3411
9012
4489
-9602
-9522
1778
1205
-9364
2466
4316
3485
-3742
-8393
-2429
-9384
5608
2855
-6846
-1411
-299
6440
8884
-393
-2814
8444
-9416
9459
-529
1787
-9746
-3576
5402
6660
2400
6717
4864
-4015
-4419
7557
-795
-4883
3572
-2399
-8827
4196
6083
81
7444
-8387
5421
8911
5781
5425
-8709
-3425
-1310
-644
8311
7164
-6816
-4147
2553
-7460
-2623
350
-6099
-3398
-9081
-8192
487
-95
8420
-672
-5550
-2517
3592
6581
2994
5476
-1135
4351
-4679
9532
-2993
-9453
4953
8966
2184
3158
-2725
1867
3295
3789
6269
355
9610
1474
7950
-6315
6329
2994
-1738
1014
-9733
-6235
6732
-1971
4902
7975
2731
-7108
4326
6590
1651
-9980
4527
-1508
7348
4706
-2055
3913
-4411
-1404
4216
-670
9309
8333
-8655
-9577
5194
5008
9905
272
-8831
7921
41
-3592
-1249
-6765
-9063
-627
-8326
7354
-349
-1716
1153
6462
5451
-7072
211
-9422
-9405
1018
-9162
-8589
-327
-351
2741
-662
-5793
-4909
5157
8488
1820
8122
-7057
3319
6615
-8308
1424
-2921
3508
-6970
-5845
1753
1379
-9747
-2579
2422
-2895
8845
4967
642
-1227
-168
5583
6775
-8896
4040
8713
3244
7895
-9043
-1664
-5711
1080
9316
1917
705
-3911
-3226
-1526
7517
-7031
-8062
9760
3865
-5267
1455
-9837
3978
-1008
3795
8497
3879
-8412
-6469
547
7956
-8745
8924
-7070
-4559
879
-8718
1489
-781
5782
-9530
-8771
-2937
-1869
-4889
-5762
-9564
-4220
-3366
-8642
-3261
8636
-9266
-4353
-4533
-7867
3114
-5640
-386
-3477
2368
5946
-1088
7568
-9840
-9939
-660
-1362
-4268
-5405
5521
-6440
-2952
5400
-1379
6696
6995
-7853
8323
-5523
-3885
-6066
3987
-39
8023
-8629
7453
6341
-4951
428
227
-2290
-3525
4859
9074
-1297
-1883
-8278
-9160
-3009
717
-8632
1538
1008
4135
-1684
7064
-1660
-6807
-2926
-8660
-9102
3954
68
-3051
7841
9120
-6842
3485
3964
-8608
5926
-8148
7529
2604
-5684
4046
-9342
3628
-2474
8913
-326
-4318
1800
1718
-9415
5309
8150
2581
1151
4927
-4423
573
5211
2385
3714
-6634
-1510
2453
1103
6405
7286
4377
3954
-5416
-2206
-3054
-54
-3017
9962
8934
7641
9783
4652
-1366
-2347
-9455
-4175
-791
-346
8917
3073
-2919
2922
-2122
-6841
-5345
-8571
6114
-3914
7171
-4996
-3290
2712
4573
2128
8860
8375
320
7851
2491
-312
-6380
1050
-7608
7208
7749
-5554
9717
-4725
-4000
-2630
-5202
8996
1312
4820
-1542
5627
5409
5459
382
-5128
6965
-2484
-8500
-949
7971
-1797
-9864
-112
-1645
1570
-8883
456
-4451
-6229
9929
5837
4268
2332
2483
-1913
-7243
4028
-2477
1810
-8735
2745
-3113
3040
-2682
6059
-3968
-7153
-4106
195
-2621
9119
-7506
-4070
-5427
9319
-7567
8940
7589
-6984
1652
3960
1108
3465
1637
1854
-768
1761
6029
6702
-4596
5652
4476
854
-9108
5624
-811
-85
3418
-2804
-8483
-1996
4399
1446
3587
1857
-6475
-6951
8762
-8282
-4688
7281
1539
3915
-4324
6125
-5061
5954
-9395
-9165
1245
555
-2635
6565
5921
9006
1243
-7172
2759
3953
-5498
5980
-5438
-9180
8933
-2590
-1478
-9448
6616
-8084
-3719
169
2191
5477
-8317
-5273
7676
-3975
5486
8073
5668
4406
8365
-9505
3093
3906
-4318
6539
1519
-2414
2226
-7862
5679
7793
-9390
4934
4733
393
9885
-7941
7168
-5451
-8754
6306
6426
438
-1895
-2652
1104
1971
3869
-9800
9709
-9997
4103
-4042
-2997
-1066
2553
-5652
-9395
3665
3775
-4396
2682
-7445
7880
8802
1858
9814
9427
-5480
-8340
3870
966
-6441
-8075
409
2292
-9827
6564
8204
2304
7518
-2262
4307
-2592
-9421
-953
4933
-4975
3857
-4901
-9670
-8236
8446
-2826
9394
-6479
-6755
-6764
3240
9039
-5936
9895
-2114
5445
9420
2551
-5042
-2230
7911
-4400
8838
7271
9434
-556
-6987
-4051
-451
-831
4376
9391
4792
1264
-3137
-5974
4450
-7585
-8016
291
-9193
-4913
2273
230
1529
-3871
3704
7472
5643
-644
-9496
-2126
-8470
7424
6870
907
1960
-1018
-2277
-4138
5738
-414
-6686
-1204
-2908
-3185
5787
-9804
-7331
-7739
421
1473
6850
-8540
-7950
-344
-6058
7274
828
7473
-9400
-3579
4138
3195
-8334
-7961
5246
8159
-5472
-6882
6850
-3960
4420
-8843
4122
-2731
6552
7264
3742
6986
9171
5481
200
7616
8053
3916
4547
4825
1929
-6378
93
-5227
9686
-273
-7501
-6787
8256
7114
-8780
9316
643
-6995
7354
7215
2987
-522
-9776
7098
8514
-9417
-2198
6005
-4523
4380
-4950
8294
7315
-5982
4184
1171
-5980
-4314
7696
8158
1871
5352
-7093
9262
-5980
4496
7206
5510
-8135
1410
-6066
8546
2265
103
4451
-7477
9030
-1506
9974
835
2384
-171
-8232
-3966
743
-2554
-7690
-1556
-2793
2713
1286
8463
-8806
9042
1953
-779
6164
-2279
-7039
3274
788
-1177
317
6067
-8560
8798
-44
-4658
-8977
8022
6098
7957
-2044
9748
-3037
-5496
-8885
1268
-5039
2092
4317
-9918
-4361
-4385
4216
-5044
547
8791
-9843
7386
4601
-1337
-2831
-1249
-9140
8247
455
-9662
-7326
888
5638
4815
-3189
-1597
-8847
2349
5090
6093
-9747
5744
4986
-9775
-1522
-9380
-1135
-3237
-6306
937
-1207
8689
757
-5827
4011
7158
2422
-27
600
-4395
-3135
-5752
6168
-6139
5134
9868
7708
-2807
-8738
-2158
686
-4400
7811
3308
2686
-5018
-423
9533
-5063
3655
-6385
282
5219
7835
5201
-4748
1046
-8132
1685
-7864
2365
-3813
9855
7736
-5455
-8080
-6936
4806
8330
8817
-669
1823
-9121
9958
-7130
9703
8551
-2277
-2794
-6848
9166
-5015
4591
355
-9760
1517
5304
2852
124
363
9838
5291
-530
-4689
-9195
-4048
585
-906
1338
-367
4196
3696
-7406
2801
8378
9162
3427
-5696
7545
-2599
-1789
-6170
7075
3679
-3697
1285
-7982
7610
-1876
-253
2505
-7469
-3573
9391
5971
-4155
-5734
-599
-73
5171
8813
-7005
7312
-8781
8459
-16
8200
8141
7059
-6233
-1412
-9502
8082
7495
-1683
-1091
-8263
-4390
4464
9875
1781
8259
615
4055
-1280
-3804
-708
4399
754
2022
-7160
3026
9644
-2193
3008
-7533
9546
6260
1894
7599
8020
7498
7170
3023
-1765
-2796
43
6556
-9688
-7856
5640
-7603
8023
9218
-31
1557
3339
3996
-8279
7936
-3884
-7284
-6873
-5877
-4553
7805
-2330
1597
2533
1794
-7005
-6069
878
-9400
5912
1452
-9173
44
-501
3983
-6719
4269
-9492
1496
38
2816
8406
-7055
5262
4839
5360
4077
4130
-5366
2509
-2552
485
8273
9546
-4169
-146
5160
5722
-4856
-4602
240
-6689
-1313
-4851
-5658
-3805
1158
5318
-6495
4653
-8509
6211
1194
182
-7463
-2082
7183
-8491
3814
-3160
207
7193
-8338
-3067
955
-6471
-3504
9753
-279
-3579
1481
-955
3892
-1386
-9553
8054
5767
-4184
1165
-5360
9187
1838
676
-4809
-3778
-128
-2346
3081
3487
-4575
5676
4826
-7261
-7393
-7619
-6293
-9504
-5912
-1650
-8343
9400
5004
-1193
2339
7482
1280
3634
-2160
-763
-1865
-8438
-9667
3527
4541
7662
-2806
-4743
-4571
6175
-8911
-8883
-3988
7621
-3910
-6781
9369
-8256
4526
2412
-7559
-9468
7918
-940
-2530
-6277
-1298
-1601
111
5408
8067
-3229
-9242
-9206
-8265
8348
-9868
2859
-6979
-7726
-2113
-4513
-5281
2374
6764
721
2021
-2977
-7198
5684
-417
9944
8014
-488
-3927
-3570
9191
2222
9871
-3417
-8481
-3715
1192
-3923
-8284
-8167
317
-8854
-4324
-3334
-5688
8046
6957
7088
1470
3826
6883
-1006
-7266
4898
-2351
8816
-1169
-5899
7936
-8369
1094
-7444
-7607
2890
-3497
3437
4471
5571
-247
7210
-2226
759
580
9498
-4393
31
-165
8992
8817
8562
9841
-3267
-1860
2419
9569
5747
-4410
9072
-4383
-4737
7522
-7908
-4854
1009
8087
3950
-9226
3747
6893
-7460
-1699
1997
4443
-8408
-4492
-3633
-2409
277
-9540
-5504
-2769
1764
7943
3775
3098
1544
5523
-2464
4865
-5306
-2905
-6385
4459
-7156
-4100
8949
-5836
8276
-9565
-16
6052
-8291
-3432
-7282
7850
-5859
4962
-812
8457
902
41
-8319
2333
8685
-9419
-4593
8211
2799
-5016
7354
5209
9361
6865
1179
30
6729
7527
5172
5638
-2725
2022
-6133
7105
9834
9731
-818
-1344
2190
1436
739
8211
672
-2777
6825
-1499
6301
-8689
8759
-6046
8353
-8130
-3408
-5590
-59
8208
3519
4132
-8752
-478
7023
5088
3211
-2615
2506
-7115
8724
-7454
-8852
3282
8178
-5445
4355
2592
2421
171
-4439
-13
4119
1573
2904
-501
6265
-6901
475
-855
-2364
-575
5967
-2322
-6972
5508
-9665
-7376
-4633
-5320
-1004
4126
-2844
6275
4404
-3948
7072
6293
3649
7417
-2019
5247
-2909
2069
-8164
3133
-6906
-7199
-1012
5116
-3772
-6783
-9317
7795
5345
6901
1207
-8140
4207
3668
6653
8517
4715
6106
1289
-4183
-774
7421
2764
3465
6467
2554
-5210
-1116
4954
-4741
7327
4929
-3305
8782
6819
102
5248
1495
2879
56
7539
-6422
-7143
-2052
-5434
-3078
1850
5531
8338
3957
-3028
1166
-2131
4474
-6323
6677
7280
359
5559
8082
-5815
6045
-4435
-1216
6141
-8579
5628
-9617
-3182
6681
-6481
3313
-8843
-6078
-8122
-6910
-7605
1797
3187
-9102
3653
6666
-1091
-9280
-4897
-3509
-4982
7280
2091
3743
7345
9774
-9709
-3378
-4513
-9275
-5234
-6612
6373
4012
2386
-1450
220
-8726
-8461
6283
2921
5171
7201
-4345
6188
139
325
-198
-8354
-5732
2210
4205
3892
6852
-8900
8818
5681
-6121
-1217
913
-8274
1214
8953
4788
-3727
3353
-9413
8631
-4803
350
-9469
5195
-2417
5998
3735
6439
5845
5320
8514
-2784
7966
4663
-4089
-3357
-4937
-7292
6725
9944
-391
4234
-9294
-5077
6988
-6755
-4395
-5248
-4204
-3658
3239
5419
5179
2356
-9510
8609
8042
9316
145
-1271
9332
408
-4853
-6067
6313
4554
2432
-2540
-6710
2125
-6982
-1856
-8061
-5297
581
2950
7139
-406
-9792
-2600
4639
-3002
-9651
2409
-6243
-2911
-2244
7139
5164
8583
6138
9431
-1346
2460
-8582
-5204
488
6059
-2674
-1462
3338
-7232
-1491
1760
9551
4447
730
-5450
-7216
-4133
9077
8906
-3847
-9784
-4134
-957
6070
-7838
-4451
6839
3736
5318
6208
333
487
-5549
-2710
1674
-4341
1041
-9358
-1018
4042
8290
-7925
-7327
6870
1575
-2245
3964
-641
8837
-108
-9549
2934
-3564
-4366
8239
6393
-3582
-9675
1945
-3719
-8637
2325
865
-3141
-9455
1716
-2021
-2075
8165
4585
2460
-6533
7449
-2927
3946
-4452
8224
-6681
-4958
9398
-5021
3759
8172
3449
-7777
-4734
-3955
4507
-6205
-6730
9162
-3698
-1191
-509
-7289
-2484
7661
-2869
5735
-9742
-8383
4836
3651
317
6803
5023
-602
6974
618
-3213
-1559
-2662
5390
-7409
-1922
9399
2568
-5538
-4734
-6384
4117
-4131
3918
-47
2360
1137
4169
-6750
-5615
5342
6753
2459
1333
-1139
9448
-5755
7475
1830
-3398
4138
7650
315
-2398
-8076
9197
-3255
5048
7621
-349
6402
2177
-4592
-9797
-9434
1147
-7694
-3916
9697
4106
1285
7992
661
-3963
-7556
2055
-6824
-4090
-1309
7594
499
-4700
5154
-5444
5839
-3542
3868
-875
-1634
7387
6509
-6511
1968
1634
-4107
9952
-6757
4764
-5125
6871
3752
9160
3087
3423
-7261
5552
-9516
-4052
-7428
3938
-2377
5692
5305
-8779
-3850
8855
-943
-2293
-8071
5577
-4171
9542
-2030
-4090
2300
-8704
4015
9199
-5818
-3029
9355
-619
-7797
3111
9808
1450
959
-4274
-9915
9970
-7154
4704
8510
7021
-7723
55
7159
7522
-7959
-7233
3757
5013
-4251
1860
8306
-2321
-9350
-9772
3745
-6153
-3164
-5970
9551
-396
4710
1716
2698
3251
-7131
-6233
-3575
4473
-2051
-8218
-1275
-4274
-5597
861
-4113
-1418
7583
-8039
4904
-2003
6871
5539
4345
-2118
-3953
-5380
1973
2269
8533
-3441
1835
-5705
-5414
-4491
-7611
984
9623
-6276
-1475
5038
-1047
9168
-7552
5925
-1163
-8000
5094
-9916
1513
9771
5136
3358
4175
8275
8881
2855
7011
-3289
2010
4372
-1423
3308
-6413
-3269
2590
-5714
-4997
9420
607
4898
771
3014
-2165
-768
3850
-6069
-955
-8777
-7383
-781
4408
-6468
5564
-2316
-3296
2336
-4500
-4925
-586
-2758
-9100
9117
7140
8138
7334
5351
-8619
6082
-1392
-6666
8222
-7407
44
-50
4869
-1625
-6703
7586
8496
6785
6797
5185
-5206
9592
-3758
8083
2782
309
-2674
-3089
-8830
2880
6494
-676
-5634
5839
-3687
-2969
-1246
3208
-6978
4210
6885
9593
-5449
-5038
5016
1353
-1130
8946
-5151
-6617
2427
-2946
2094
-2923
-9045
-836
616
4517
8323
5101
-6442
1582
9750
3611
4812
1754
-9694
5026
3136
-4101
4818
3164
-7488
-7044
907
-3637
4297
3205
-5862
2781
497
1725
2601
-7969
-3371
-8173
-8701
8923
9258
2567
15
-6723
978
-3499
6496
-2964
-5543
7870
1575
2556
500
-794
-621
7661
3578
8530
1175
4874
4358
-2308
7125
-7977
9860
9318
4159
9508
-5461
463
-2927
-9100
-1891
7089
-2667
2613
-8448
6284
-7035
-4092
2536
-3691
364
-6231
-2941
9876
-6288
-8550
2097
7405
5381
5799
6179
6254
-5208
-774
2174
-484
-4767
-9362
3795
3201
-8557
9007
-5755
9581
-7225
6613
-7514
3604
-9126
9025
8543
-9005
872
6861
2438
1605
-1453
4117
7533
7220
-138
-8714
1046
242
-6893
7264
-8655
-8014
-9872
-3258
2340
4053
-119
-5489
-8315
9041
6631
-7001
-7706
8567
-8769
7597
-4244
-7033
2404
-6602
-4807
-9702
2019
1641
6523
-4981
368
-8296
-9071
8746
5642
4609
-3948
6138
1342
4141
1859
5897
5040
5415
3567
-5150
4374
9678
-5495
3128
-2083
3227
-688
-3563
-3311
-7444
561
-4866
-8663
-1234
8456
-5361
-7277
1557
-3874
2769
5203
6231
-43
-2691
9405
1287
-6872
9818
-5768
-652
5174
-8940
-3281
-7648
-5366
-4232
-9901
-6677
-4500
2377
-7878
4200
2241
6422
8939
2397
-5308
-4894
-5660
-5697
-1240
3010
4704
-1865
-5416
5203
-1794
-2861
5271
6307
-4218
4243
-2349
4573
-8551
-3151
8191
-7628
-656
-9169
1185
-6866
1286
4068
-742
-3488
-4126
-6346
205
4136
3575
1943
-8690
-4235
-3821
-5450
3584
2808
-4766
-8495
-5050
-3588
6144
8266
-8864
8217
8786
-6411
-3238
-3778
1172
976
3835
-4451
8899
8439
-1977
-6780
4178
688
-5522
-3617
-3291
-9762
-8902
7399
4808
-2851
-6268
-5915
-6252
-3520
1387
2123
-284
9325
-9868
7988
-6736
-7190
-4746
5449
5506
2818
1496
6028
617
-268
-4148
4611
4642
-4615
7232
-6295
8569
-9145
5230
-7896
3348
9344
-2704
589
8343
1243
1264
-8788
7274
-5336
2078
-6378
9601
-8193
-6116
7571
1912
-5937
-3732
8545
-9290
-9412
-753
-4691
3815
-2792
3031
6241
-3697
-1509
-4702
2624
1445
-798
7629
-9488
9451
8125
99
3007
-2784
8159
-448
-1629
2587
911
9603
3958
5251
7261
-3163
-3897
-3113
482
9909
7598
-5727
-5587
8662
3377
4210
-8522
2600
5869
7213
-3115
9668
3953
4461
3224
-1211
2511
-4063
-3477
-8120
-8503
9856
722
7457
-4611
4491
4791
8732
-6532
-2070
-7330
2963
-7807
5464
7188
4719
9526
-2638
4185
-6914
-2832
2339
-4445
-6158
1820
944
5387
-2273
5308
9441
-5497
6724
4657
-2886
7133
-7718
-2842
-7327
2576
3670
2961
790
-9012
-9558
9568
7364
1525
6163
-2415
-2499
-7506
-6227
7010
8473
7231
3708
6539
2322
6208
2940
6022
6808
-9258
-6335
-242
-8901
-553
3053
379
275
-5869
2679
-8665
-1972
7146
-5873
-3412
4928
6530
2358
-3812
-8749
8782
-476
9634
3008
2598
8197
2307
-8424
5017
8808
1925
-6439
-4551
-618
1197
7984
7010
-8346
-4060
5381
-777
2368
-5372
-3298
-4342
-4184
4541
33
304
-2263
-2417
3779
5831
4245
-9140
-80
1515
-1057
9294
9211
-9000
-7076
-1837
2657
-3782
-1571
-4212
5048
993
-7034
7818
9810
3137
-9701
408
751
-4398
5538
-489
-6140
4494
2194
1053
-5339
2073
5619
6798
-7483
-7587
4065
-4083
-9790
7927
-4248
5192
-6444
-2391
9957
6777
4880
-7256
5867
-8134
-3931
-5974
-6969
-6133
-9677
8317
9664
7530
-7659
-7211
2905
-9867
7124
-9342
-738
-3954
6013
558
2445
-4114
3463
8985
6629
5543
4072
7302
5133
4604
4748
-8610
-1020
3130
919
1795
4870
-2767
5924
-2987
6467
2236
3522
-2388
-5758
-5963
2103
9187
8534
-3170
-4497
1091
8776
-524
-6860
2473
-1611
6902
-391
-2217
6909
4968
-8277
-6814
3175
5421
-4242
4741
-6435
2741
4870
4067
-6854
7659
-7898
5003
2358
-5176
-7499
-1814
8140
-8741
430
4474
-5294
9812
-4854
-1114
6756
548
5922
-3953
9723
-998
2962
-2894
-3798
-2311
1611
-5329
-4753
-5151
4471
3690
-6314
2903
-5186
2933
9973
5326
1529
-9995
-6991
-7638
-7509
6629
6360
3369
8887
-9322
4928
362
6749
3003
6308
145
-5036
1054
9288
6942
9451
-278
3256
-6296
-7269
-615
1216
-4015
-8189
4961
-2394
6933
-2658
-1324
-8463
9863
4229
4206
9850
2912
7997
4900
5648
-6832
-1343
3788
1928
-8028
-4900
2602
8300
-1660
2530
-3295
-6672
3756
-2916
6468
-5612
9350
-2954
9399
-7492
-3546
673
-2991
-4598
790
-154
-4272
3825
-4951
4818
1513
-9547
-1103
3912
-6155
-5034
-8633
1817
6897
3665
3128
-6436
-4801
4367
-3774
239
-2750
-5691
9726
5549
-6024
-3165
-8523
-6534
-6025
-6012
8180
3856
6914
-346
8203
-4383
7303
2908
-1023
5946
6309
-4631
68
-3082
9953
3856
697
2328
4690
2500
6109
-2979
-9210
-6285
-2900
-1011
-2259
-6850
-9923
-6492
-9337
-9403
-5205
-8748
7067
8350
43
-6351
5635
2183
5581
8696
-8284
7660
-9759
1430
7032
-9587
-1378
-1904
-5479
-1139
5044
-2307
7358
5990
2511
7881
-3611
-3160
-909
2879
-7716
-2244
2331
2094
-3498
709
3411
-1614
9093
-102
-7450
-1038
9160
-949
-8524
773
-3302
-6672
7146
-4502
6309
8572
8731
-6915
-4200
9139
-753
-7958
9412
9578
-5320
4852
6633
2441
-7633
-7358
-2586
-5670
-2255
-4074
-2315
-7247
-1889
-2194
8632
2406
8077
-6633
4750
-9694
9551
930
-5124
447
7019
751
-7433
5222
-2490
-1670
2310
-7755
-3019
6136
-4824
9254
3906
3622
683
4334
335
9938
-3142
-7202
-8348
-7982
-8209
1489
9227
8017
-5585
-7633
5883
2973
-3955
-4936
-2838
4566
7850
6633
-4524
53
-3717
5264
8276
-2465
5887
-1206
1180
-6019
2710
4451
-601
-6270
-6539
9576
9359
-2802
-2226
-5957
-6429
-6695
-9546
7665
-6786
-9475
3102
5883
6892
5829
5876
-6164
-4360
1746
-8586
-5915
-3554
-9839
3695
200
-7314
-7465
2735
1588
2048
7095
-5200
-9888
-4603
-4467
6350
5452
8213
8551
5797
-7699
-7644
-6962
-9302
814
8452
229
-9212
5343
-7668
-9230
8965
-240
5600
9013
2242
-1207
-285
7379
-9063
8175
-912
-7633
-2058
-4785
-945
6946
4653
-4663
-9530
-2110
8423
310
1579
2893
4731
-6585
-2204
5076
-9594
5792
-6194
-1277
-5019
-5773
-4018
-1382
-6066
729
-1615
8986
6774
5909
8668
1162
-4081
2665
-6424
-9686
-6367
1826
6748
5111
8806
5562
-6396
3279
-4416
-4195
-85
7259
4320
2245
-574
-5085
7804
7048
5653
834
4971
-5262
1836
-456
6618
-3583
-6371
6154
-9874
-4929
6616
-4212
-3809
-6598
850
186
-4076
-9265
398
3739
3515
-1371
6598
-4493
533
-9977
-7393
2266
-7970
1166
6499
2983
-8672
6667
-4631
-2166
5038
9793
6240
-5982
-5796
7394
4025
-3871
-2384
1744
6900
2457
9592
-4182
3807
-5199
-9424
6167
5200
-6975
-6584
-5963
-4220
-7153
-2574
-7072
-8964
-844
4007
5284
-5731
-1079
4012
1791
3681
-3321
-5298
-9713
6971
7007
-8104
2724
-5069
-7972
3081
-9970
-3198
-5124
-6102
-1288
-1800
3395
-6881
7473
7198
1715
-6854
7337
7914
2200
-1444
-6734
7047
7348
-5250
-6496
-9210
-9763
-6100
1566
5365
7857
-9738
4921
-6508
-5549
-3805
-1297
2847
-5224
-4509
5251
-613
-931
-2255
-7035
1955
9507
-4927
7767
3782
-2176
-6359
5023
3663
-854
-6546
746
1194
-263
-493
8710
197
-2567
-7749
8006
-5328
-3372
3266
-1514
9495
-7500
4096
-1559
-5456
8209
-4699
5758
629
1193
-5521
-3974
3811
-5937
-1455
3292
-6664
-2285
5326
-9347
-9237
-67
8893
8389
487
-47
-8303
-4045
5699
-1651
4360
3438
9782
-8636
996
-3840
-7036
8124
9802
-8093
5397
7579
5440
-2001
264
1391
4676
-7919
8540
-2226
-4383
9986
-6461
-3625
-5266
6713
-1983
8099
-6753
-2141
143
8015
-4973
-6687
-5243
7865
-4847
7492
-6542
6300
3473
2953
-2775
-2586
-7466
-4010
8508
1645
6713
3888
-1605
75
590
-1314
-5702
7894
-3723
5717
-7265
-4425
3263
2342
1405
3860
7659
-6429
-4950
8101
7246
-2862
-7363
-6141
5276
-4806
6565
-888
4879
7951
-2514
9905
-3141
3354
-4098
-2990
5621
73
-7051
-3881
7509
-655
3634
-3430
-233
-1310
2304
-7069
8985
5912
-839
-6395
3237
4937
1693
5423
1472
6248
1582
60
83
3589
6861
-930
-8956
5979
-2628
-9241
2031
6511
-2517
-6514
-9225
-7241
-2900
-5030
1744
1506
-6711
1892
-3847
-9180
-2096
3913
6187
5738
3779
7512
2830
-1387
6957
-8619
-8969
-7616
-9139
-3901
2269
-4223
-2547
-616
8829
-7210
-5484
8253
-1187
-7983
8234
-7618
-4472
8866
-7365
7495
-9650
-1569
9643
8823
-373
-6557
-8790
4340
9316
-1900
-8058
-170
3790
-9416
2264
3911
-3804
-6560
-5591
-5218
3965
6995
6147
-4261
-6697
-1162
-5088
-9250
6086
-947
8192
-8818
-3766
136
5997
-5095
8825
-4338
3345
-4817
207
5390
-8158
3561
-9181
-8224
8157
2620
7976
-5433
9381
-409
-7239
2775
1388
6874
-2832
1003
1948
-5757
-42
7115
3841
4930
-7891
1369
1728
-8750
9215
8063
5640
8246
-3264
1860
8169
6673
9733
507
6435
4975
6777
4434
-8985
8271
-6538
9499
-8457
198
999
-235
-3821
-6847
-9495
6588
9618
-8935
-1453
5507
5382
-7741
-9113
-7635
-3192
-9360
-5777
-2252
5954
6439
-7698
3864
-5511
6355
-8829
4684
-6040
-4974
8737
954
8245
3890
-4861
8499
6726
-3477
3204
-6541
3356
-3924
-7521
-537
-9272
6990
-4469
3012
-6755
-5594
-4652
6859
-9299
6391
-9710
8824
3692
-4644
-1134
-3937
5988
5272
744
3267
5933
2466
9532
-9811
3808
-7104
345
-9914
7653
-3234
4653
-8138
-2467
7564
7518
-8446
-5857
-1743
5261
7720
562
-6691
7343
-8779
-4201
-5321
1306
3539
5890
-8452
-6150
6637
-4302
655
-2717
-3105
-4757
7581
-714
8733
-4402
6474
3080
-3739
7884
-5080
4294
-9917
-2101
-8666
-7444
-837
-6655
7963
-7325
5952
2
-7465
4399
2447
7240
6028
8383
-49
706
9162
-9017
-3646
-6603
-9945
-1770
5297
8884
-3188
-8126
-2738
6037
2394
772
-7394
-2470
-8779
-8033
8812
3028
3195
-915
-248
-1023
3646
8402
-4296
8899
6693
-351
4492
2647
8028
9651
6225
6797
7276
-9038
-3305
-6833
-172
1229
3407
3001
8516
9239
-2636
-9394
9889
346
-4501
-9393
-2316
-6535
2752
-2391
-3194
3678
-7175
6817
-1355
6753
1284
-7993
-7190
5239
9623
-2934
3952
-5186
2449
7096
-2701
8246
9930
5776
451
-1763
-1273
7573
1772
6894
6300
-91
-5033
-8195
-2853
3849
-327
-3208
9918
-8741
-7869
7719
6321
-4198
-9007
9859
5545
-8717
-3399
-2676
3775
-658
-6914
-3678
-6996
558
-8730
5718
-4414
9380
2403
-1004
8057
5920
5779
-8379
970
-3892
-8979
4944
-1013
5765
5258
2438
9925
-1409
8968
4699
3820
8176
2463
9904
6415
-3651
2371
-8958
-9627
-7933
-6736
-9897
-8436
-691
7655
5633
7065
-6403
-8070
-8725
6168
7388
4410
5306
6727
2255
-9253
-6216
-8616
-6580
-9414
-7767
-4287
2754
317
-4335
2890
-7299
-5646
-8710
-7966
5752
3962
1547
6918
3092
6999
-1002
2431
5369
98
-4014
-2028
9165
6674
2528
-2082
4871
-8546
6160
-4196
1735
-591
-2452
-8468
-2641
-7182
-9385
3526
3340
4075
-5739
2211
-4411
3369
-9512
9435
-9610
-8729
6301
41
4827
642
2825
5132
-8024
-7511
1809
-2448
9801
5804
-1619
62
-8575
-8251
-9110
-3341
-8515
-9267
-362
9005
-7746
-1983
6039
8725
-7393
-8599
8027
-3684
5881
7545
7457
-7477
2175
-1688
6232
-5455
-3916
9058
-2898
17
7835
8627
-1193
-2193
-3333
-1955
-5604
4803
-498
1523
-3754
2284
-4936
-3368
-5418
1154
4771
-5831
-3307
-7950
2578
-1658
4553
-5835
-8763
1771
-1519
-7478
-9767
1663
-9679
2276
2144
5907
-1084
3218
-2109
-4250
-2592
9365
70
2105
-8685
2397
8305
9787
-8440
7144
2365
390
3487
2645
2840
-6518
6033
-2844
1719
1395
4086
-4518
-468
-3301
-6288
252
6842
-8285
-3319
-5171
-2305
-9076
8781
4423
1870
-4622
-8357
222
2334
-4801
4878
2978
-985
9339
7548
-9540
1382
-2268
-7472
-1318
-8211
4031
-4108
-3751
3841
-5389
-277
2323
-329
-2097
-7175
7725
1621
-420
-4428
3209
-824
1809
-1404
7787
781
4052
3366
-4946
-2198
-8319
2035
-6025
6275
6051
-2716
3414
4011
5969
-3761
-6276
-8867
-5554
7987
-4745
1166
8404
881
-3402
-3454
8559
7654
-6579
-6886
-5449
-3436
5099
4616
-5692
7095
-3020
3888
6928
-1166
557
-3634
-2965
2966
-5859
6967
7536
2858
-9704
-8753
2501
3690
-5518
2646
1293
2110
-2962
-9061
-4653
1542
-8484
3139
-9618
-7022
-8714
7898
9729
-2997
7759
8853
4776
7717
-8274
3916
352
2313
-6391
3239
3296
-8627
-5319
1186
-5698
-1416
-6066
-1259
-6724
-8020
-1303
6410
2224
-5012
2306
6096
-1890
-8657
-1820
9563
-8980
-6445
-2753
-4386
2696
8148
6450
5006
-4499
9433
8731
-5583
1970
-782
-6555
9419
3593
1894
-5330
9189
8373
-2573
-5648
-3850
-8054
-874
6813
-775
7897
-6559
-4543
-1752
-5087
-4756
737
-6783
-508
3189
-1459
5734
4573
2035
-9008
7327
-6040
-8978
-3164
-9683
-6188
-2150
1817
5138
-8089
-3574
-3443
2965
-9869
5586
8693
-899
9829
-2296
-1547
7839
-3047
-5524
8691
3940
2302
1078
-1298
-3313
9509
-1975
5915
3873
2494
1020
4289
-8730
7278
-8377
-3047
5010
-4143
-8988
-4176
1204
4691
5086
-9087
-7488
-5610
4485
2633
9310
-729
9455
-7381
4357
-3934
385
-1808
4676
917
-6065
1767
4483
8096
3607
3121
7270
5841
-7432
5240
-8447
1975
-2181
6912
537
-5206
2584
-4370
2034
8483
5534
-1360
-7655
8895
4817
-5014
1543
4662
8197
6796
7108
-5334
7976
3439
3070
-5193
8704
3807
-7094
-7053
-8232
-7784
3868
-5334
-2192
5072
-4247
9074
8066
3951
-9929
-5828
-7847
-6945
8567
-5611
6464
6341
7745
-5914
-9063
3350
-5142
-8622
1489
3181
9743
2697
7228
-6689
2034
1177
-1004
8661
-4415
4365
887
1561
-5834
4454
-2669
6354
8850
146
4205
606
6699
1214
-1192
5225
-5
5684
-6457
8972
1011
-8550
-6700
8542
254
6715
-277
-3818
2863
-885
-5719
-3334
-9480
-3219
4351
-1657
1413
8254
9931
2905
9874
-3114
2323
266
-3642
-3976
3081
-5427
-2488
7743
1888
5578
9535
-2074
8634
-2477
4614
273
1652
-8722
4020
4992
-5945
-2659
239
-7478
9616
385
-6397
2131
-6726
-2189
1998
9400
-716
3820
4102
-5457
-2857
1080
-171
7171
-871
-4504
9459
9360
-8876
-7132
-2252
8549
2020
-2167
-1202
-4859
-2310
7621
-6403
3531
-969
-4510
4671
-9222
-7371
-6324
771
1573
-2171
6660
8449
-2291
2740
-9428
-3885
822
8495
8563
-361
-3897
-3547
-6395
9624
-5731
2907
-9683
-7769
-9239
614
-8380
-125
9388
-1835
-9784
3245
-860
3836
69
-255
-251
-9337
-9706
-8969
-1294
1655
-9038
5347
-4241
9564
-7421
6319
-2813
-8751
4724
-8046
-5356
3363
-9568
-4122
8907
-9479
9019
-7217
-9503
9322
9263
3282
-3863
-5363
8342
7675
9301
-8678
-4520
8229
7460
-4321
-5448
3027
-9917
882
-6208
8059
5320
-160
-3886
7481
105
-1427
243
9503
5557
959
-7565
7519
6141
-4017
-3449
-6376
2669
2006
-5794
8078
-8549
-2026
-9928
-7293
-6677
-1143
4957
6702
7885
-9455
4020
3217
-1694
-5899
-855
332
1736
-3719
-6487
608
-3400
-6026
8506
-6520
-1426
-5038
-6753
-1075
-5544
-5264
-8047
-8091
-2224
5601
7587
6679
-2531
3503
-8949
1857
-3722
-4600
7965
177
-1823
-1835
4614
6133
7598
3321
6017
6225
1158
1680
-5547
-1834
-8897
5588
3685
5543
1902
3397
1765
-3339
-712
6781
3987
5327
7503
-1080
4285
826
5674
3690
7757
-9941
-5455
-3000
-4299
-231
4
7837
2290
6161
-9155
-4297
7493
-1918
6779
1974
-2664
-289
2296
7382
6627
-1835
-9144
3532
2100
-2081
-7587
184
6848
4585
-3601
214
8610
-6636
-3182
9030
-8609
7434
744
-9812
-2998
1826
1899
-717
-4515
-1370
1923
-7900
9363
5678
-6922
-134
7675
6523
939
-5593
9303
-9873
2707
9322
2281
7115
6617
-5207
2412
5758
-1027
7618
-7022
-3885
-961
-1563
5283
2118
-6948
-1654
5954
8030
-5250
6603
3439
-5642
4811
1309
-5442
1155
-3127
-551
-1949
-6972
-2638
9287
-4433
109
-7815
-4911
377
-6098
8060
2022
2361
-9032
-7012
-8459
2473
-8427
4089
9610
6291
3271
-8518
-2954
307
-6219
5568
7036
-7151
3334
9668
-3152
740
2608
2529
2253
9876
80
-1139
3205
1267
-659
6618
7701
-6334
-26
-5600
2889
9019
-7193
-7638
-1073
-322
7705
-2696
1534
8747
718
192
958
-1160
9760
-2790
-2338
5905
737
-9682
9459
-1857
-6270
-6985
-2035
9272
8858
6541
-9072
10000
-4185
-2295
-744
-5211
-5007
3522
7269
-4243
8116
9059
-510
4136
4768
5244
8200
-203
-8641
3980
6501
9965
7874
-8790
438
-3023
-3315
4479
-9133
3167
3823
8809
4897
4503
9297
8934
1926
-9557
3668
-1554
-53
8635
4508
-3080
8540
5921
-3655
5211
-3468
4756
9726
-7717
9499
7850
4452
9834
-4194
7551
-4654
9476
-700
-144
9701
-4217
-8169
9438
-6519
-224
-9096
-2980
7478
4938
-3501
-2290
-906
8471
7993
-9092
4703
8866
-8057
9345
-7211
2278
-8989
-8809
-5366
-3959
5991
2008
-2813
-6020
8768
2228
5790
9212
-7145
5929
272
9799
3191
-6339
-8150
-5301
9116
-120
3162
-1000
1192
3596
6743
1152
8975
-5065
9472
3837
2123
-3209
2561
2544
-6010
1159
-610
-4365
-5884
-818
-349
6546
-1484
-3757
-771
-6429
-7672
-2332
8550
8272
91
1325
7042
-7467
-1214
-6202
9807
-776
-4231
2526
3055
1453
6096
-323
-8851
4662
-3187
5273
9111
-769
-9792
-9962
-7159
3509
1299
4695
1887
-8752
-9298
-8995
4842
-2212
-1498
-6465
-7682
2663
-3552
2499
9508
-5547
-1812
-5468
9048
2993
-8214
1895
5688
-129
-9863
-7952
4737
-5185
-9278
6811
-915
8081
3704
-664
2567
5974
8033
-6359
-1157
-8811
-5225
7138
8605
3637
-3988
-6778
7306
-6412
9415
7614
317
-5671
3855
-8973
171
-6234
-9734
-5032
9122
9343
-4718
-2300
-2649
2433
6717
118
-5844
-3961
-7872
-8381
7170
4801
8029
260
9460
2903
6748
-8703
7644
4555
6247
7483
-1240
-9634
-8426
4145
-9662
-2877
7622
-1967
2162
-2973
-6442
-979
-5507
6368
8486
1938
5620
-6069
2078
3989
-4198
-459
5806
7773
172
7579
6400
-5363
-4652
-51
2002
-4820
-6162
1285
-8647
-509
-975
1781
9272
8064
6191
-6480
4713
5966
-1928
-2736
9636
-1337
4656
-4202
1955
-233
2649
8437
-707
9542
-2381
-8836
-6827
7975
-1907
-2624
7991
9648
394
9462
8130
5906
9774
-7583
-5669
-5767
324
-6049
-4945
-423
-7500
-437
106
5718
5018
828
-4728
5101
-2360
8568
-5623
6749
8899
-1069
-354
-9384
-7510
-7244
8024
9004
4151
-2309
1104
-4119
1588
-2705
6814
5658
-4892
1628
6641
-1857
-8559
-1235
-4606
8657
-7458
-8381
5173
9555
5231
-7639
-6049
2946
-1058
-5764
2748
8910
5442
5518
7458
-7113
3724
-2413
-6456
-4498
-3861
-3377
-3926
-2736
-2900
7096
1792
5986
-1921
-8625
988
-524
2415
4009
4685
-3842
-2858
-290
3715
-5750
571
-2676
3652
7677
8773
4431
-4056
-6597
-7602
-6768
-1433
-5836
-2991
-2057
2252
-8328
-7636
3107
-8322
-5663
2339
-3098
-6844
8326
-3718
-3112
5497
2205
6961
9017
-6105
4928
-579
-686
-2936
-3666
5302
-2208
3361
4360
-2397
-8550
-430
-2531
4710
8367
-794
-2589
-5202
-8726
-6644
-180
-5791
7199
4140
1560
-6609
2732
-5343
-1273
5672
6540
-5800
258
1526
-6714
7005
-8604
5349
2162
4561
1563
-6707
-8031
4545
-8967
-2772
-3114
-9588
2987
6713
1655
-4572
-7246
-8936
-2528
2559
6908
-4124
4272
-5194
912
2045
1481
-4957
-7942
3237
-8030
5734
309
-1058
9671
7926
-3233
2089
3524
3072
3993
967
5055
-2349
-7494
-5489
-3590
-5157
4446
-7017
-6400
982
-3
-6561
-1184
-547
-9038
3989
-9322
2634
-9415
-6539
-9451
-3573
4033
-8427
7830
1544
1242
-1719
-9154
9206
-5832
-175
1712
-6432
-5138
1661
571
-3697
-8068
-7744
2815
2582
-6635
3693
-3510
-6516
-4365
9657
9370
6039
7973
5882
1632
-903
-6676
7206
-3496
2031
-5407
8844
2632
-2289
9719
5866
-7761
8252
-6232
-2544
-9643
6973
427
1915
8813
6503
-6827
-9992
-362
2356
-3309
-6982
3148
4548
-2892
8495
-1318
-927
2457
5619
8388
7453
8352
5796
-9893
1771
-7612
706
-4933
-6171
1944
2723
-7030
1659
3780
9701
5403
4961
-8006
4022
-395
-7880
2181
-3116
9650
7371
-4357
-162
4187
9863
-619
-9576
687
-4724
4033
-811
-7556
-4244
-7389
-2813
-5979
9418
3049
-3206
4108
2418
6193
857
1618
5782
1392
2399
-349
-3689
7823
-148
-7197
-182
-649
6825
2389
6309
-3381
-1045
5824
5234
-7432
6303
4902
7051
9431
-9846
-728
-964
5762
-9115
6745
6179
3800
-1527
-530
-8043
-2060
9337
1290
-590
-5536
4427
-6754
-9904
-7357
-6160
4195
-7697
-827
1187
-8249
2130
9022
6353
-6488
9714
-9774
-1968
-4510
-2199
5698
485
-6345
6867
3536
-3859
1209
3388
940
-9177
-8393
-5422
2022
9511
-774
-2240
-2698
9276
-7311
-7907
9614
-4765
-1194
-7690
931
1636
1196
7744
9679
-2478
4655
3058
6881
7329
-57
6633
-6506
-2226
-6244
-893
4217
5731
-5545
1979
-3994
8394
-933
-6162
3461
7202
-4804
3109
8384
1158
4324
-1911
3636
5137
-6869
4406
-7729
4800
-1481
6105
901
-1943
-431
4386
-6402
-1467
665
-6963
6176
-6114
-7110
-8727
9164
1613
6248
5113
-8609
-1527
4262
-9134
-1312
7604
-6010
-6217
-6179
-8304
1273
-7599
-1751
-1740
9422
-5608
-5519
-4591
8722
2066
2994
9853
-1664
2345
-52
3668
-6261
4658
2535
9708
7717
8139
1374
4915
-265
8553
-3692
6654
-2719
-4892
-1783
-7206
-6939
1344
821
7226
-5155
-1224
4053
-8628
1772
6376
-342
4752
654
9575
-8866
-3874
-2471
-8389
1408
3565
-2901
772
9518
7524
-1116
7903
1735
6243
-4890
3496
-6890
-9589
3796
-3892
-2847
7323
-1443
5836
-6183
3228
-9155
-1708
8303
4957
-2387
-1310
8937
-5782
8878
456
2456
2886
-9282
1083
5888
9672
2250
4863
-1260
6674
3760
-5288
1198
6064
-8574
-6956
3640
2049
4704
7189
9711
2521
-1119
-2665
5293
-2953
9307
3282
-9827
923
3214
-6376
4175
2190
450
526
3443
-7092
-113
-8780
-7541
3778
-2645
7960
-7720
-3042
-7216
9433
-1494
8133
-6294
1118
8557
-6079
-1488
9154
-7817
-8900
686
3559
-9221
7722
6072
-6512
5823
-287
4407
7890
1757
-8956
-6853
-1637
-3819
734
-7916
-5054
1701
5181
-1754
-6477
7676
-4397
-3177
-6272
1280
5806
-2071
8551
1012
8765
8064
3119
5882
6675
-1373
5773
1978
-2980
-7945
-1487
-5867
8435
-4667
-1833
-635
7678
9528
1305
6647
425
-3083
-2804
-749
5794
7324
-3366
-7540
-2935
9066
-5923
2398
-87
5919
8672
6117
5629
-1298
-122
-9477
-7314
-8764
2668
3169
-6166
7107
8841
-6492
-6738
7774
2916
-2747
-6958
9968
59
8692
4098
8289
5467
6671
8885
9418
6737
4476
4785
-2388
-5696
-1749
-8629
510
-9102
-8947
6490
3561
-622
-7401
-1782
-728
129
4045
4738
-7068
-3716
-2093
4872
-3141
7134
9387
-2923
8338
4323
-4322
-4694
7004
3877
-1957
-6471
9542
-9650
-3365
-1238
-1958
2365
7144
1964
3577
9856
-3354
-7828
1321
-8931
1136
-6141
-7462
-1559
3757
845
-5413
2239
7779
-3404
4529
-1533
4354
7631
-6930
7034
1582
-5278
5623
-2064
-7316
1480
3160
-4476
5189
-1161
4408
-1843
-3304
-7615
-5756
-3550
3242
-786
-6018
-6798
-9467
-1567
-2145
-4076
7215
-9544
5321
-2331
-2838
-8701
1632
4484
2706
8586
3512
-3317
2041
-2377
9318
9905
-7456
-549
1640
4877
2691
2424
3495
290
5416
-3322
9291
3946
-3942
524
-2059
-6279
-2940
-2235
6521
5010
2761
347
-1924
3656
-1226
-6176
7526
-8897
8717
-2318
-7119
5255
