4235
3921
7220
-9586
-7491
-4037
-1179
6063
-2243
689
7168
-9586
6484
-927
-373
-6653
4344
-6498
-1388
-3188
3743
-5472
5395
859
7037
9779
-6765
-4809
-2120
7011
6562
-2426
1129
-1161
4755
-1284
-6459
9427
-333
7938
-5569
-1442
-3918
4742
3726
-7581
7460
-8570
-2070
1549
-1632
2750
-7504
-1452
7783
-9614
-6861
-2824
3693
3738
6584
-2685
-2404
-6540
-2922
5859
-3129
4139
-7326
-5146
-7542
2188
4131
-3406
1542
5950
1945
-5976
9555
3940
-66
8420
734
9183
-2955
1363
-3827
6381
-1093
-3030
-327
2005
-7962
6362
-9867
5310
1931
1366
-4139
7787
-7606
2479
4829
7126
-398
2464
477
-2271
4115
1794
6155
1902
-5082
-3778
-6559
5951
-8058
-6344
7148
-1320
3375
-5346
-7662
-9446
1169
-4300
-7636
1168
3763
6104
6769
2397
-2476
-7179
-8475
1113
-463
4579
6928
2884
-7155
105
8283
-886
-6946
4822
908
8448
-9764
1590
-3952
6193
838
-5516
-1461
9386
7879
6326
9591
-3398
-7926
-6960
8488
1348
-1842
-8920
-6861
5355
3368
7214
2578
3383
4256
-4285
7008
8427
7194
2860
-5247
-4225
5312
9152
-6382
5964
-463
-2648
-6257
4109
2526
9399
7244
-3916
-1128
-8870
9522
2495
-5117
-6180
3880
-6552
8068
-2167
9531
2293
6112
7121
-2955
-6228
4727
5849
-7074
9192
2305
-3865
1770
-9086
2765
3002
5380
5354
-6197
6688
1113
-2994
-6723
9089
2793
2971
-3193
-5854
-3153
-1441
2076
-9155
2405
3761
-1908
-266
5373
-1370
-9791
7122
3377
2501
2625
1671
8886
-4139
8770
4457
7191
-4725
-628
5082
-3124
-2799
8752
-2452
4715
8718
2611
525
4111
-8229
-4819
5865
788
5800
-7665
-6074
8521
-5117
5936
-731
4
-7239
356
6742
-6403
8995
-7992
6836
6269
3513
-329
-8191
-2682
3901
-8966
4584
6856
-93
-9996
-9837
2520
-2134
-7302
-2192
-4701
-9399
-8247
-9404
951
-2961
-3936
-7884
-6673
-5611
6252
-9504
6254
1484
-3925
2869
2267
8795
-7848
6150
-9700
8128
8237
6599
-4774
-2951
287
-5389
-4701
-1357
7093
4518
3731
2685
-1380
1967
-3272
6623
-4688
964
1100
-3107
-4198
2066
7737
4317
-5154
-4380
2516
2454
6028
5873
4657
-5300
9886
-7496
6936
4227
-9908
-4784
-5279
-4739
-153
-6031
-4892
-2465
-1711
148
9789
4045
-2547
-2747
3831
2990
-6675
3106
-248
7624
2237
5273
6994
-1005
7473
-1012
-347
-1811
4411
-9223
-5181
-8473
8805
3774
-301
-929
9852
7454
-7805
-8420
-2827
8272
-4741
8563
-663
-1412
-363
6901
2818
-5361
-6417
2329
4824
-3472
-1715
-5405
8285
-9710
6809
7936
-9935
8702
-8136
-4988
-6015
-5516
-3681
7190
-196
2276
-6224
-5103
8176
1205
-2914
-9794
-9575
8366
2792
4670
-4529
-282
-1088
-5115
-5849
-1011
3651
-5943
9270
-8756
7069
-221
3267
-9880
6374
7050
-3443
-2662
-6100
-285
6990
-8700
-2507
-51
-7059
-4597
-9413
-8429
-7129
-1306
2960
-655
-5581
-8806
-2579
5727
9953
3293
3105
-989
7011
1202
819
-848
-5393
-2574
7290
-8703
-884
6376
1172
5552
665
-8954
-8500
767
5914
2199
-6850
-5430
1518
795
-1713
-5285
