-6858
-9845
-1879
1183
-5673
4508
-3794
3560
9069
-7500
7918
-7224
-7168
8188
-6762
8799
-6779
2157
7340
6034
-5811
-2295
-3288
4079
-2260
1704
-8535
-535
-9595
4027
7205
6496
8688
-7531
1373
7833
1034
-4491
-791
8883
-2619
-9640
-7977
-9558
392
3612
5831
2216
1373
5386
-5344
5031
5678
76
9135
5880
9274
6670
8761
-4034
6581
-8430
-3975
1374
2846
-4566
-5161
-1890
-5395
4444
2268
7091
-2192
-5120
9088
9194
-1589
-1313
-1309
3490
-569
-4778
-8503
-2968
-4385
-6242
-9999
5618
5371
6398
-2252
-2952
9089
9840
-1857
-4345
-4719
-7097
-9883
-3776
-7308
-7320
1348
1478
-6631
5846
-7692
9460
1832
-6082
-9120
2506
5943
-4362
4622
-8185
5975
6356
826
55
8648
72
2234
-2641
-4229
3335
4454
-5547
-3498
-382
-2792
-8291
8917
6401
-4517
-6637
4117
4339
-4535
3713
-9195
2792
6054
1783
-2862
5117
3851
-3118
7872
7560
8066
1455
-3007
-4016
543
4268
-7594
3907
-212
-970
5263
-1221
666
-4589
7425
-3239
-9121
-5926
7325
7746
4783
-8450
-657
-5143
1889
-1033
2970
9299
5131
-5148
-1690
3110
-2686
3746
-4598
3266
-1050
-9611
1851
2120
3835
5106
3750
-3
-3799
1552
-4898
-5099
-8839
8014
-3602
3439
-7651
-2053
-2331
-4722
-5649
6811
-8269
-1050
-2544
-2949
-7194
5594
-9763
8935
-1171
3851
-7641
6860
-9863
-5330
5396
-9876
-3123
4648
-3681
-8010
2478
-4938
-666
8650
-5763
-246
3487
2558
-7816
4863
-4599
7934
3491
9250
6039
-8216
8855
916
1327
6468
-7508
1831
-9144
9309
-6788
-9366
-1958
6262
-4228
-208
-8958
-282
-329
4672
7959
3196
1958
9019
-8465
-792
-6996
-3734
8945
-480
-5944
1482
-3596
-9545
369
509
2451
-9652
-610
9778
-7728
-1254
8499
-8269
-9271
-448
5618
-9704
-192
-7824
-6359
2781
4051
6872
-1487
8852
-4887
-7136
-2946
8778
5343
-7265
9708
-4387
6418
-8530
-7244
-7714
-1625
1911
-3721
4131
799
4743
1638
9840
8222
803
5453
-5548
-5218
1270
-6331
4738
-1154
9183
7855
3639
-9726
678
4442
-6718
2843
-2803
1346
5771
9689
-752
-9866
-967
-2055
4967
327
-5252
-5582
1226
-1791
1737
-6076
7006
7513
6344
7261
1853
-4477
-1421
-9250
5347
-8912
-3489
-9562
-6643
386
1946
-477
5382
9907
-9256
6105
-819
-5815
8846
-9703
2389
9564
2283
-2673
-9042
-5916
-450
6608
-3658
4081
-3907
9388
-7445
-945
4740
6243
-6006
-4271
5039
3542
-5667
-1714
-6970
-6313
-5528
-4681
-7604
-7168
367
2189
6794
-4545
-2767
-8966
3818
8787
2460
3693
-1863
-3195
-6298
-6368
8417
6997
-4654
-2142
8867
2421
9092
5836
1411
5806
-5457
8010
3283
-9640
-2467
-1925
-2949
7128
-719
5258
1002
-476
544
-6724
-5134
-6639
7580
7175
2444
772
2410
97
-6914
-1117
2755
-1727
3451
-3691
8119
5896
2050
-9561
728
-4980
1625
3265
-1572
3960
4617
8697
1092
-6006
-6211
9171
7728
5613
-4633
6038
3828
2572
-9530
1088
-7567
4374
49
8563
-6370
-6450
282
-6140
-9161
4414
-1124
2698
-3345
7250
-8487
-7421
-4473
4494
5923
4924
1896
8541
-6661
6922
-2848
6870
678
5098
2348
-2124
4075
-3808
-447
4557
9515
-1983
9868
5058
9364
-8972
-7976
5949
-487
2019
8923
4759
-6376
1701
3556
4304
395
-7473
2783
7037
-7305
3526
-8378
6851
2654
2333
-8028
-7262
-6645
7119
-343
-3671
1729
5338
665
-3995
-8081
3028
-6118
-2095
-4935
160
7079
-3279
-1771
-5613
-3077
-1661
7276
6870
-7177
4881
4103
183
-6117
-7317
-8627
-8504
4679
4790
-9112
64
9146
-1954
-7030
-3064
-4928
-6335
-9340
-3662
2440
-1370
-6146
8602
-9245
8885
-6581
-6984
-6626
-960
-1026
-8766
4877
4368
-9640
392
-2946
-9981
2955
-814
3109
-5535
8160
7233
-1541
-5741
5104
-8694
3896
5505
-9912
-2881
9414
1209
-5613
2478
809
6361
-8415
-7117
-1163
2782
9605
8023
-7382
6113
-4835
-8930
6019
-5490
-1682
-2017
-1423
6329
-8067
-1360
8031
-5991
-8137
-6933
-7467
1162
6051
-4025
3385
-8394
-317
4591
93
-1207
5422
-5570
1365
558
9021
8652
-2886
6349
4375
9382
-4928
5562
-2410
-9898
-8055
1809
-5664
-674
-1941
4451
9082
9783
50
2162
-5788
-5755
9502
-6601
-9499
6658
-7689
750
-6293
5565
-7515
6845
596
4271
-912
-7159
5995
-2114
-5432
-6994
-3228
7114
-5810
8279
2754
508
-4727
-9353
9725
-6357
9195
9063
-1147
-3200
2164
-8289
-8994
-3670
6827
-5730
4693
7919
1076
-548
490
-391
2696
-4975
-1638
6540
1038
-9404
-2097
-3824
2118
-9072
-2437
-5218
-8940
1524
-3154
6106
-2298
8696
1547
8316
-3665
1793
6183
-4568
5867
4339
5666
2184
8350
9001
-2024
-5860
-4179
-2871
-2614
8690
1940
1796
-2683
1415
-2106
-5196
7344
-8009
-1610
-9966
5234
618
-9513
1617
-8209
-7617
8316
9521
-4283
-9368
-2573
3595
5007
7777
-5386
9799
-6532
3674
8734
9327
-9335
-3966
-6196
-7381
3452
-6381
9150
-9114
-6785
-5474
9291
-5148
24
8378
1244
-8293
3374
-5961
9284
-3803
5678
2040
9212
-7061
7176
-9329
9753
-8760
4378
-4518
-9891
596
-6690
9742
-6469
5014
-4035
-1555
-3825
-5133
9476
2678
9425
9142
-9495
-220
-3987
-9205
-4718
5619
4626
-3891
7051
8578
8924
4201
-2951
-9813
9250
6455
3386
4971
-1732
-3381
1667
-4353
3338
6581
-49
9958
4376
6258
3262
3046
-9665
2379
-3406
3988
-2772
-51
-8966
555
-8595
-5252
2712
-8292
-8200
2463
1492
8530
1403
-2947
72
-4944
6393
109
-1556
5851
9775
4962
-9075
2541
2815
4867
-1266
-796
6241
-9957
-6689
-5922
6788
6146
-2478
-4253
-8742
5709
-5423
-7146
145
1387
927
7974
3483
-4873
6917
-9331
5076
5030
2757
-1481
-1918
-1378
5821
2451
-7950
-9436
5210
4252
9349
-1088
-6873
4788
-2589
-6902
-7303
3639
-6831
2308
6622
-2921
-9819
-610
6128
4247
2840
-6155
5924
-2955
-6756
2519
6871
3943
3556
1713
1910
2085
-7031
3987
-2337
-8231
9944
-6315
9079
6727
-1457
5457
2463
-3891
-7330
9918
-9095
9789
881
3647
-2129
853
6119
-1346
-9950
1258
-662
7803
2426
-9699
-658
3205
-7951
9117
2936
-8728
6426
-2842
5013
-6068
-1423
-6620
-8247
-2454
4741
-1463
-7358
-7122
152
-1143
6502
4301
-841
7347
8118
7921
9621
6022
6909
4436
2412
1832
7580
-3607
-3029
-3863
-429
4393
-8164
-2644
4535
2325
3170
5382
-2990
8772
-3652
-2713
6585
-2963
-8591
-2377
5145
7473
4448
5973
-4795
-2470
6883
-8364
-8716
3915
5494
8741
1559
2585
5160
8655
-8401
325
704
-9020
5943
-6294
-1172
4910
5396
6005
-8178
-4229
448
-62
4128
-4429
-600
4567
5594
-3744
2967
5254
-833
-904
349
4953
-8600
-8884
-4345
5569
9874
6744
632
2536
1776
-5006
-2765
-4811
5066
-4341
1651
2674
8256
-7870
4456
-2689
8518
-3745
-9794
6489
7942
-5679
3551
9378
-1738
4429
9330
-1992
-5313
1138
3893
2133
-148
1100
6493
-8530
-6691
950
1866
-8104
-6991
-6350
-2552
590
-3040
-8132
4481
411
-6469
6229
8183
2839
1954
-3930
-8477
4924
9181
3457
-2834
5850
2532
-1909
-8916
6470
5824
2410
1548
8115
-4691
4389
-7529
-8075
-2905
5513
2492
4541
5605
-9365
-8519
-3105
-3119
-3408
5080
-2088
-4195
5699
-1857
5835
9642
-9541
-2285
-9208
5788
-82
-4781
-8222
4482
2939
-9315
7139
-9260
-9747
-8303
-7817
5650
-8803
9526
-6143
-2932
2201
-733
-5555
2047
6885
-5028
-5456
-5541
5959
2859
-9778
2842
5143
-3966
3754
8258
9082
-38
-1522
-4295
1374
-4082
-3917
-8584
-7363
2233
-9264
-9668
-6440
9788
-145
6279
-398
5023
-3911
-1432
-7995
8647
5064
-4700
8464
-3448
3655
-8343
8263
-2603
-5480
-9732
-4422
-4390
-7271
2292
-7628
-175
3314
4816
8565
-5886
-8581
-7722
8888
-6103
2137
6010
-5356
5299
1582
5758
6065
4363
-8461
-9333
6014
-8200
-2315
-2084
4224
-4866
-9267
-3685
-8063
4611
4153
-1055
3951
-374
-2770
6542
3745
-5764
-6815
4685
-2874
6598
7179
-462
-877
-1734
7456
5774
2897
2231
-2000
-5921
8999
4879
6254
-7897
-1597
-5532
-2608
-8240
-4236
5662
6784
-6886
3131
7140
7296
-3853
-3126
-5284
136
1311
4948
2314
-3749
-5162
293
8837
1378
7460
-2932
-8964
-1944
8678
6997
3201
6313
-6863
-437
-9959
2727
1138
-9303
-5319
6640
-3214
-7264
1211
991
-2239
538
-1734
-4649
-3294
6588
-8514
4875
-9783
6842
-3983
-439
1846
-2517
-1402
9949
1808
629
6756
-5172
732
7759
8531
261
-6110
-409
-4489
-1452
-1697
840
1465
3587
-7268
9630
-1010
-2765
7728
4484
9030
-6539
5950
-8090
130
5675
-8923
-1950
9489
-3876
6771
-5474
-953
3836
-7441
2925
-7131
4462
-9808
-1749
7133
-6534
-2703
-5724
-5972
4446
5521
-3778
888
-9878
-8642
-9374
-4643
413
-9092
7543
9887
-5853
-2773
2548
6656
-9265
757
-1578
1095
-2957
8570
-3079
8788
-1901
-7673
5963
-5707
-3704
-3391
-6598
6907
8929
-5981
2756
7724
4146
-5829
-3543
-6240
-3394
-6127
-7204
-2940
3444
9747
-1471
9256
9852
3692
7922
-8188
-3276
-6475
-995
9000
9213
5201
-7578
1493
-2769
2321
4480
-8178
-57
-1030
-4273
-3481
5020
4339
3387
-7690
-8925
623
-9800
-5516
641
9285
-4060
435
1903
881
-8112
5729
-8584
-7207
-12
-7448
7795
1331
7654
-6647
5394
-2974
-5431
6716
-1407
-1597
7273
3063
-8173
7618
-3935
-9271
-7708
8812
-6307
7385
7773
5018
4820
-472
9699
8374
7172
1256
-8277
-6014
3942
-95
-7381
2481
-2114
4631
4148
-6925
-1537
4775
7033
-3002
702
-6061
5712
-9916
2404
7512
-9009
-1373
-3823
9691
135
-6531
4943
-1742
5547
-8270
-136
-3452
5386
967
2506
-4253
704
2261
-6522
7431
-7592
-6330
4293
9389
4113
-6612
9463
-5367
-9447
-8473
5222
-3343
-2520
-3933
5565
7698
2184
-8603
4772
2187
-6826
6859
-2288
-5019
-1703
-2368
1719
2741
1218
532
-3397
3051
577
-360
-1433
6748
-7921
5572
-9497
781
3316
-5948
9498
2191
6036
1286
3461
-1195
7113
-5072
-2183
-2385
-275
-3182
3498
8954
-6280
-6132
5960
-8827
-179
1375
-6643
370
-7783
-4579
-7819
5603
-3579
-3719
-9223
-3932
9593
-1228
7062
4436
6093
6535
8486
-6141
-2846
2727
1887
1677
5793
691
7380
6347
5827
9148
9498
-1874
9239
6452
-3555
-7255
-9017
680
-5488
4462
6975
-8188
-925
-2163
-3530
-4676
-3624
-8200
-1725
-4285
6695
-8639
-7811
3161
-8479
6196
3674
2266
-427
-6095
9744
7152
1544
-2860
643
4883
8597
-3884
5650
1279
6290
-355
1396
4592
-3594
6622
-2273
4062
-9230
8953
-8621
-1964
903
7473
894
3130
8932
4515
-4065
-7124
4376
-9587
-3271
-3333
9585
-4829
-4289
-3866
2003
-3772
7489
-4111
3660
7069
-1875
825
-1231
8823
9710
-5677
-8733
-5713
-436
3968
8932
-4397
-8071
-999
-660
-4947
7843
-3905
6094
-6751
-3178
-2312
7436
-8531
-2620
1157
-897
-2897
-9340
-5383
-4409
-7474
9138
3400
8977
325
427
2477
5395
-7300
8696
5122
-1139
-9301
-5187
3621
4779
7026
-1740
-9921
2413
6647
-8955
6074
-97
-6631
-7446
-8456
-8328
5684
825
-5525
1535
6331
-2706
-2089
7485
4487
-4847
-1903
-9953
2599
-5997
-300
9996
2429
-7552
-8554
3385
3337
-4717
6392
4146
3150
-1464
2803
2820
-4808
-6389
-9286
-585
2209
-5486
2311
-860
9457
-5931
-2632
3110
8837
8101
1653
-7776
-4238
-5585
9496
6044
-7530
-3768
224
2589
-6624
-6447
1665
4623
3473
-2333
8502
4602
-4607
-8589
1178
-7957
-959
-4728
-6874
-9276
-305
-9714
-8050
1967
2482
-3583
-5618
-772
-9032
9133
3288
-7742
-4025
-8194
5714
-7302
-1481
5492
-2259
-9736
-7035
5100
-7600
-9766
-8334
9030
-2328
-5274
-3541
-6072
-3657
5371
-9655
-3239
-1722
-9006
8408
-6105
-4162
-8090
7838
6718
4210
-4080
4672
3023
-9008
-8076
2444
2703
-3877
477
6389
6976
-1526
-6950
9225
3008
6123
-9613
-1897
1163
-7544
5421
-7684
3811
3783
5551
5395
-1977
3003
-5032
-5715
1080
-4144
549
3118
9906
-2080
1625
2624
-2009
8112
6704
-3121
3304
5749
-9180
-1827
8874
-375
-1914
-3382
-2927
8451
2361
-294
1040
2733
-1532
-3110
-2750
-8890
5148
4912
8340
-286
-2226
-9642
6341
2287
-3631
-4202
-7606
7962
5435
-6920
7797
-9146
-1389
8779
9854
-364
-6862
6618
9782
9661
-9948
7674
-9867
1889
5139
9386
9698
-6202
-5592
2243
-8021
-11
-2547
-1976
-7944
-7053
-5862
6070
-7504
-4280
1336
3492
3820
2779
-7017
3518
2464
-6347
6935
693
4481
-6637
4301
-2859
297
-4348
-7175
5541
8263
1673
4258
-4316
-2849
-958
5392
6183
8291
-6937
5933
-1934
2379
5230
-6489
-1505
-985
9502
-3498
-7766
-2996
8828
5746
5706
-8315
-6659
-894
-4665
7816
-2673
-8126
-4065
-6469
9219
-7531
5452
9838
-9016
-8438
-3705
-7604
-4061
8645
-4583
2142
-1082
4367
3142
-4479
-3601
-3558
6707
-1243
8286
4506
-4431
-3281
9917
-5379
-739
-9660
9285
4826
-3783
6792
1145
1090
8920
2994
-660
6474
-3977
8140
-6045
5722
-841
728
2256
-942
-6665
-4845
1111
2865
-4962
-3248
9828
-8508
1597
619
2729
-2940
2670
-9205
2008
5210
-6939
-9538
4149
-1455
-3532
-3565
7809
-5516
-9745
-7250
1424
-5912
7299
-3036
36
3200
-9938
-1344
3237
-8215
-5515
-9582
7095
7713
7460
-4113
489
-1930
8663
9494
-8396
-9959
8192
976
-2121
-9166
-1473
-832
2047
827
1015
-2490
-1596
-1785
1239
3392
5498
-7941
-5972
8172
-77
-3795
-4909
-3918
1124
-1252
-4040
9797
1783
4789
-7287
-4549
2281
6473
-1636
8261
3360
-8206
-691
-9695
-5366
9768
-6694
-4976
5658
-5659
8971
4731
-1066
-4736
7445
7331
-2147
9667
1602
3504
5191
-8809
3778
-8782
4395
4460
-5559
8122
-6328
9803
-7399
-855
308
-4411
-431
7275
-3915
-7753
-1305
-5395
-7979
7128
988
-4387
10
3487
-7586
47
4100
-7833
-4174
-6731
-4298
-4231
-9588
637
7159
-1503
-7665
-939
7471
-5724
3484
6074
-1175
-5875
-4851
5052
3024
-6950
-5381
5091
3616
4319
-4893
-6956
-7444
-4540
-3414
-872
8324
3500
9165
5589
-2292
4466
-3950
-861
6256
-7314
-1998
2303
8863
-9943
-4578
-9364
-66
-8263
-3807
8294
1094
-1228
9926
-5900
4218
3145
-8091
2702
1041
-5539
-9497
-2926
-9097
-16
-807
3656
-6560
4033
-7087
9394
2376
-8120
-171
-733
-4217
334
-1926
-2376
9167
2392
1645
9469
440
4885
-5555
4190
-5260
-2521
9158
-148
-5132
-9344
-3323
1064
5931
8763
5557
5737
-5118
-6329
9059
8210
6358
-6070
6543
-9007
2320
-6342
-2343
-6650
-9129
7267
-2895
2341
930
227
-1482
9043
6286
1010
3439
3173
-1469
-6141
-2923
9025
-3108
7811
6384
-8983
-120
-7821
8683
-7354
-2750
-8733
-3275
-8878
-9136
-5646
3138
9548
-5541
5803
8840
-3364
4525
-368
-2980
-129
5771
2085
9249
2528
4676
5202
680
-2755
-9798
3582
-9438
4080
2990
6944
-6046
7184
9707
818
1503
5318
-1947
833
3789
-7800
-7316
-803
-3449
9062
-6915
-8335
4261
2249
2380
-4794
4691
-1081
6538
9946
-1370
4509
2799
4164
-3137
327
-7023
-7166
6866
-7167
3537
-408
-6213
-8063
-7794
-9918
6313
7818
-1516
5664
-7342
-3273
-8215
5428
-6180
833
-8539
-2855
7917
7766
-9098
-9983
9224
-3523
-9568
9207
6564
5479
382
2946
3283
-3873
-1305
-3949
-3334
4922
-3602
4359
-5755
-1264
108
-2812
-2804
-9436
-1767
7530
-6711
-3418
-4840
-2389
1757
-9772
-6521
-2379
-6532
4715
9003
4212
-5535
-66
2082
5591
-5956
3881
-5773
9268
-7619
5470
-7826
2023
8690
-9622
-4334
-8510
9968
-8015
-2513
-2517
1690
-1095
-8669
-4605
6444
3004
4009
1595
8960
5500
-6517
-2661
3293
-1547
6435
-8914
1968
-4794
8636
-1929
3202
5578
3515
-5910
3262
8166
-7504
9480
6487
5220
-7213
-9116
-6774
-5266
1627
-5477
6957
-2316
-1637
-4227
-6454
-7361
8561
-5274
5907
4900
3401
-3323
-2908
4613
-7494
6465
5663
8712
-8978
565
3935
2190
1488
5424
2382
-638
-1069
7947
3618
2575
3862
6941
-3973
-5121
8094
120
3611
-2609
8375
-2256
9282
3487
-7676
-4742
-3267
564
-9066
7419
4852
1969
-6860
9522
1895
-9221
5220
3020
-6652
-9654
3028
7990
-1834
6616
-9276
-6876
-6387
9339
7448
1242
-6232
8523
-1543
-2749
3140
-1845
-1374
-7354
1113
-7670
5401
-6945
-8953
5732
-2524
9676
-7690
-5980
-7955
8982
1358
-1453
-5615
1435
-3164
7312
-7593
-6650
4992
-2930
-8970
-8684
7255
3726
-9396
4697
6898
-4829
-1463
-3011
2978
8709
-9052
1902
-1743
5581
6941
-7886
4385
-421
8744
-6353
5722
5701
-6685
-6667
3420
-6953
9976
-7024
4416
-9840
7346
6879
-325
9280
-6290
-2621
-7011
9452
-6545
-8752
-2612
-4362
3415
-3674
-6264
1963
-1226
7653
2939
2910
1218
-3839
1490
4756
7369
6652
-52
-6143
-5422
8847
-9958
-8254
7759
-5227
8044
-7911
7299
-845
8194
1862
194
926
5610
1952
7230
-4620
5846
-700
9093
9498
-4523
2409
7334
-2545
6359
4968
-8428
7084
1462
-5576
2669
-2465
-2758
9049
8538
4183
7118
2939
221
-5252
7169
9211
5746
-1866
2414
-5249
-7839
-7091
-3230
9885
-7495
-2806
1385
-965
-5670
-178
4418
-8726
8424
-8415
5250
5942
2711
1707
9595
-7045
-933
-3388
4933
-4429
451
-6941
9649
2708
9468
177
2795
-3092
611
9664
-4470
-6666
2438
-8283
-7538
-84
4217
2146
-8317
-2285
-9113
-8300
-3620
-353
-5131
-6216
-5770
-7635
9134
3063
-6445
-2672
-2499
-8191
6368
1682
-7897
-1290
597
6193
-2432
-6167
4706
-3537
-8441
3475
-3448
8662
3489
-4152
9633
-2097
-2983
-3067
182
8492
-7012
6024
-3937
-357
-9640
6681
7589
-8587
-6776
-3239
-1485
-1577
-1480
-453
9006
-3582
6068
7189
-7684
9955
-1111
1870
6919
5115
2281
3818
7475
-9684
13
4902
763
8311
-4012
-3910
-162
-7660
-4865
-8320
-840
-5167
-4258
2324
6697
-952
-7474
-4795
7381
739
6905
-7888
287
-3684
-613
9186
1406
8470
-6037
-5128
-9348
-3594
-9966
7948
3700
4267
-9047
-2705
-7196
9484
-4563
3952
-7562
-7730
4082
-1660
9875
-2219
-8974
6605
-1978
-9686
3268
3482
3623
4222
2490
-7544
-6964
1092
-4950
2731
4924
2008
9923
4193
141
1477
350
6911
7739
-276
6777
8328
-2780
6957
5255
5668
-461
7176
1151
-8893
-2844
-3756
2702
666
1913
2269
199
-9824
-2998
3523
-213
4515
5755
-7338
-7427
239
-529
9272
-2770
3490
3943
-5187
8952
-2273
7741
9308
-1031
-6053
6780
-166
2978
-2814
-4140
3823
3240
8458
5392
2595
-756
-2247
2416
6455
8681
4108
-1160
-4968
-8266
-4232
3469
4312
4174
-4724
-3591
-5764
5654
4961
2096
-3138
4522
8714
7978
1111
-9833
2163
899
-7919
1961
-5429
2994
-14
-8207
-9799
-8601
4861
8509
-1447
-3203
-5576
-4137
-9931
7503
8964
-8007
-8859
-1817
4765
8337
-8428
2707
4024
-9362
9110
-6588
6655
9071
7828
-4014
3652
-3075
679
2066
3899
-2700
6099
-1197
8595
2394
-7863
8472
7468
-8851
-6873
3574
-8921
-7424
-3132
-9978
7926
8857
4303
2043
-7626
8537
-9715
-1919
3483
-4222
2584
-1308
5911
8884
-535
6401
3162
-4338
-5671
4870
-4198
-1648
7095
7119
-9081
-8401
-7447
-3956
-8724
-2171
1451
2996
2876
9115
-9758
265
8134
-930
9906
1747
-1192
-3103
-1245
6405
4686
-6336
902
7568
5205
4348
-8984
-4838
9035
15
826
9462
7090
-1456
-9816
-5935
8520
-7845
1081
-1888
-3414
-5133
-6244
-3854
-9746
-5583
8808
8120
865
-9783
3001
-3495
962
-7280
-1820
2635
-3876
-3389
6090
7149
-6666
6509
-5581
-2179
294
6844
7488
2916
-4629
5258
-6277
9729
-7919
5154
-8331
-2824
-8547
-3966
3434
4085
5028
-3690
374
1558
1671
7435
-821
7453
3459
734
-9806
6556
-413
-7390
-6502
-5142
-8104
-6996
6412
4692
9790
-6668
139
-4209
-1422
5845
-4750
4298
-3962
3019
-437
-2881
6652
-6390
-8636
-8550
7623
-1637
7931
5455
8072
-1289
4579
8734
8089
-9278
2789
-8468
2977
9988
7349
-2039
2902
-8655
-9417
-5196
1377
-412
-91
-8383
8741
-2357
-3201
-7349
-9179
-3861
6139
2278
1277
-4620
9721
-3841
3296
-6097
9142
5803
-9643
-8228
-3696
4089
9468
3475
-6747
9514
5482
1122
-9649
9179
-8772
2836
8417
1338
8850
3491
-7288
4605
7764
6433
-5824
5204
1169
-7290
-5816
1422
-4056
1910
8826
4368
3916
2861
4894
3228
-8087
-8069
1771
7569
5016
-6022
9029
-6222
-1916
-5433
9944
5695
-4962
6255
-5215
-9474
-9633
-6829
-6768
-5590
757
-7604
9171
5333
-897
-4880
-9357
-4407
4845
7135
8748
-5634
1749
8612
833
2457
-7827
-5950
2785
-4884
-4056
-2217
-6887
-760
1524
7630
-5827
-3842
-6337
9110
-5649
-5178
-5506
-7001
-8169
-7896
-5411
9947
8012
1992
2867
6500
-3505
2187
7463
-6083
545
4841
3979
-2139
6989
4697
9497
9268
-4239
9165
-1845
962
-6328
3549
9661
6147
7675
-6245
-9008
-9483
-4253
-2250
-8620
-8209
-531
-8284
-2469
8733
-2873
-41
4635
-1855
9539
6881
-3353
-1818
-5289
5708
-7073
364
-6218
5495
-2687
1355
8522
3179
6863
-8697
-5202
-6071
-3168
1514
-7949
-8173
-5881
2553
-2815
-2190
9138
4274
2361
-553
4480
108
7021
6269
-9474
9925
5211
-2255
3730
-4107
7400
8757
-6171
-5945
-6414
-5944
8806
9504
-6877
4184
-7914
3862
8869
-3984
8944
9237
-1067
3648
1194
3389
-8501
-9020
-7148
-5047
3755
-2722
4861
2350
1602
-4069
4623
4177
2105
4309
1810
5313
-8316
2018
-4322
4182
5377
-6572
-4975
2362
5864
3510
-3456
-2310
2250
8591
1958
-8474
-4276
8733
8288
-3064
-2721
8067
-2035
1466
560
9122
9961
5288
567
-7561
-6087
-5728
4434
-7977
3071
7511
6988
-483
1250
-8825
-4457
5548
7595
-575
-675
9268
8260
-2425
-576
5842
-7469
2068
-6540
709
1520
-8548
425
-1466
1591
-1443
9725
2291
8679
7013
-3914
-4578
-2227
-2604
1065
-117
-1849
-1318
-7071
9662
-3532
91
-7197
4335
-1074
-7619
-2305
4433
2042
-521
-4254
-2801
-5677
8450
-8314
-6789
-6150
-8812
618
6626
-5669
3917
5427
-5448
-3027
4216
7232
-4948
-7349
-9495
-6024
-291
6025
-7556
-1730
7312
5780
2083
-713
2524
-9740
-236
-8957
-2689
-1067
-3813
6449
6036
-8910
787
5063
2281
-2933
-311
8878
5783
-381
5349
-1130
-6232
9556
9835
-3031
-2742
2816
-9573
-5578
4244
5591
5252
5748
1395
7113
8056
4338
-4216
6610
-1300
9807
3505
-3790
2610
-6454
-9739
8615
6587
6360
-5968
-205
9504
3515
3086
6001
7625
4992
-8090
-4528
-4572
-7757
-2385
3938
-1270
-5967
-4487
5973
-1306
6721
-4734
7419
-2758
-3546
-9159
-3367
1995
-5529
-8794
1504
488
3754
-3788
2961
80
-3582
-805
-2663
2295
-2927
333
-3897
1160
3930
5113
-41
1033
-3403
-3985
-6772
-9201
8404
-2137
9880
7098
-5945
5888
-769
-8821
-7743
2039
-3655
4610
-5142
-769
5014
8950
-5608
-3551
5090
7312
1563
-5402
-6017
8369
-4395
5901
6815
7459
3153
-7176
-6559
-7147
-9373
-9741
-7853
9289
919
-7016
6318
2178
3158
-4683
-7744
667
-5548
9763
-6381
-7514
9343
-3165
-7755
5241
-5762
-6436
-4968
-4817
-5611
4503
-3665
8497
1814
1436
-8304
-5303
9735
4682
5224
8378
2994
-931
1205
-9858
-6030
-5505
451
-3618
4269
8825
8492
3303
-9819
-6071
-1694
6909
-3477
-9769
-9326
-988
1203
-6283
7937
-3833
4157
-6210
-5291
-5858
1469
2699
-973
8466
3660
-8879
-4684
-4801
4094
6312
381
7308
9259
9753
7186
4256
-8201
536
-3353
-1589
-1911
5487
-2097
-2899
-1273
-5811
5742
-1477
-3935
-1372
1042
2977
8037
1604
6830
6433
-7119
2644
7832
-3134
-771
4388
-1209
9031
-6993
1698
-4601
2615
2021
1767
-5361
6889
2256
1066
7780
1150
8586
7908
3563
-5106
3085
-4558
2938
-3815
-1793
3280
2927
-1751
9583
-8294
-4429
5884
-9811
-8124
8392
-6139
9775
-4366
-3238
4973
3318
4106
8441
-7647
-4490
-6449
1804
-2295
-101
-1956
4994
-317
2992
-290
-5858
7375
9000
-9335
9074
6952
-4634
-9717
-4834
617
748
-6596
-3291
7253
-9688
-8976
-9236
-117
-2208
-8775
-877
3344
2506
7033
-4010
7786
8145
-4265
6783
2876
-8162
-4788
-374
-1476
1163
-8199
9408
-7917
-4342
-491
-8350
-7818
-603
4446
2302
2799
6737
2877
-4274
622
-4417
5696
-8466
3778
351
-8606
-8687
7461
7207
1061
-6026
8794
7426
-2670
8049
-4721
-6199
-6226
9262
-4190
7439
2628
-8156
-2075
-4736
7275
-1253
8593
-4409
7070
-4305
-9702
-3178
3407
6323
-1605
-3364
9470
4257
6661
7515
-4721
-2165
5764
-7625
-6736
9232
4364
3028
-9551
9554
-6425
-6519
5265
-5483
619
-7558
-4791
7224
4423
-2576
6123
-1361
-7669
9342
-543
2425
6284
-8484
3530
3626
-1680
1470
-9540
1418
-4841
7083
-8657
-9420
-6505
3474
3553
9386
9163
3185
8653
4040
3100
222
-8695
-1881
-7628
-8676
-17
-7715
-7601
-3116
-7816
695
-1929
9660
7544
2475
784
-2181
-1555
