-7124
-4377
1624
-210
7881
8560
-5326
4435
5212
2441
6360
5342
-1464
145
-5032
5851
-7175
-8285
-9274
-9132
902
-7221
7334
-7241
3239
513
-2871
-3446
-7458
5169
-9584
1623
-6865
-3778
-5013
753
-5307
5448
1546
8746
3380
8865
-2659
-3184
-9869
6040
-1978
9731
-730
-3325
-956
-7230
7626
1208
2610
-2474
1956
1412
-2965
731
-6024
2470
-9925
-7423
-1074
554
-5097
-442
6640
4370
-191
2749
698
9609
5393
-2981
5220
-6831
-245
-5099
6108
7905
1388
9890
3126
5073
9002
-4971
-3748
1149
-7141
-5288
-6309
-4503
4336
998
-5308
-4412
5792
-2734
-5494
475
2678
6356
6515
4447
-1182
-9378
4845
-872
681
5934
-1720
-6378
-1656
-8488
3010
-7948
-7087
6774
-9893
-5660
2913
-3649
-5605
-8882
-763
7371
4786
-4234
-1999
9087
-2534
-7469
5125
5347
-6035
-2116
-7734
5480
3321
2215
9093
-7086
8704
-758
-5438
-3500
-3580
7120
-360
3910
8941
-4615
-8469
590
8605
9195
2152
-8968
-857
245
-4726
2771
-3648
1759
3242
3683
-9088
-7663
-754
2512
629
4883
681
-7328
8977
-4297
7930
5099
-6737
-690
6641
9162
-7040
-4461
-702
-2810
3356
7982
-4167
-815
7847
-1972
9950
-9771
9738
497
-3169
1950
1080
4636
-9354
7983
-1108
740
-5432
1377
-4014
-2812
-8809
2650
-7623
-9912
-8592
4399
-218
-1175
5357
6902
-7698
8174
5257
-8485
-611
-8056
-8970
5145
-7860
2447
-2401
-5379
-9167
1344
-4046
-5065
3694
754
-5455
-4001
4330
-4198
-3375
7325
3674
-8927
9963
3940
584
765
-6043
-815
9122
9984
428
-6776
7236
8748
-4174
-309
-3441
6631
1949
4744
-4436
3388
-718
2610
906
9873
-2679
-4153
-515
-5417
8923
-9514
5559
-779
-747
32
-4030
-983
-7305
-2461
-5017
5696
-6390
-2628
-2695
3742
-194
1002
5547
-578
-252
485
-6830
-5713
1192
5817
853
-5706
9281
-2046
4485
4516
359
-8849
-1921
8514
-7578
6493
-6075
8170
4854
-269
-3800
8393
-1908
8670
1441
-8343
2357
-7730
-6225
-4668
-954
6676
-6084
8828
2721
8869
-6160
9969
276
-6551
-7100
-3043
5880
-2546
2622
-1987
8247
-2077
-5442
1794
3653
-1861
-946
3568
6627
8343
-1735
-6486
2258
-5658
-1602
65
-9981
-1564
4428
-40
3462
4616
4375
-1716
-595
-6252
4565
6229
-9135
-7618
-2948
-246
1822
-517
3643
1552
2038
9544
535
-3943
-7650
-6657
-3282
6199
1186
7210
4769
-4088
2062
9548
-353
-638
-4571
1603
8113
-131
-9074
-5519
60
733
8271
4109
1832
9120
-10
9714
-5082
-894
-1823
5917
7594
9613
3933
-8335
9790
-8715
-7979
-4996
-5257
8063
6913
-3571
-109
-141
9771
-9334
5700
-9581
7666
-7118
-1118
-7484
-7926
-7494
55
6079
2043
-5438
-323
6088
-1569
6397
6690
-3201
64
5049
7695
7066
9849
-5300
9163
-9674
7104
-2900
8732
1702
-3984
-9704
-1156
2509
-7569
-4163
-1672
-7767
-1646
-8647
-2239
7165
-5365
7060
-5165
3445
-8705
966
-4216
299
6547
-388
-3176
4490
7523
1624
-7834
-9222
9690
-9121
5355
-7876
-8775
7450
7909
7303
3103
504
8838
1756
-7152
4556
6184
-6453
7225
-7947
9565
-8871
-9980
402
-4124
3258
5084
648
-4270
8239
-8290
6984
3758
-5608
-6856
2777
2413
-2388
-4405
-2188
-9588
9317
-9144
6620
-7264
-2897
8342
-9289
1671
3832
-8473
8694
-5250
5181
9814
2677
-2625
-2576
6066
8983
-324
3263
-3678
-2438
1040
-2529
-8218
8128
6767
-8130
4422
275
4398
2580
1933
5061
-9708
-6048
1321
-9325
5547
-2095
-5008
-249
283
-1463
8142
3415
1830
7272
438
5432
8055
-6972
6668
-5852
-9239
9428
-83
-2286
8945
2903
-4804
6297
553
-7190
-2429
-8292
-3214
618
-1735
-3975
-6198
3544
-3474
9592
-6772
-1871
5256
-9299
3243
-2639
-1894
-257
-236
-7961
5052
-9547
-2802
2751
4152
7859
-5846
1602
-8447
-3890
-1203
-5762
7299
-1830
9147
351
969
6823
9266
8294
7236
6854
-9528
-8671
4768
3061
-7545
8571
-2118
-1980
3877
-4974
-565
9071
-7253
858
6314
3741
2709
-3913
-7700
-8234
-4217
-7261
-2061
2752
2473
-7617
3338
6135
5683
8756
-4364
-4375
2317
-1768
-2684
-3730
8688
-9720
5862
7371
-1331
887
4599
-2092
2389
7788
-8727
-1389
-8337
-5553
7697
-4165
-6812
-159
4289
-7249
498
-479
-7423
3201
5912
-9435
2030
-9213
-7616
2457
-2529
-4034
-97
7529
6116
7023
-7110
-9622
-9935
5180
-1707
-2687
-9481
-7678
9771
-6454
4327
4574
936
1034
6923
2938
756
2808
1903
3684
-9830
-7306
5018
-5467
9582
-326
-5613
-6156
-156
2535
6166
-7078
-9327
4819
4740
8210
-7876
2537
-7540
8492
-508
6644
-5226
2465
-5704
7
2537
-5925
5414
9824
6580
433
-1298
-5828
-6341
-2848
-3760
-5544
8699
4014
-7705
-6231
-9023
-2704
6909
-5575
1940
1044
656
8240
-5897
-6377
-7336
4520
-187
-8618
5632
-6723
-4694
3925
7937
3396
6442
-685
9205
-7823
956
1052
5819
-2789
1124
-6113
7691
-4794
-315
3800
7513
-1806
-3527
-7534
-3903
-9664
9892
2077
-2073
8291
4976
-1697
6284
5012
1348
1840
2930
194
295
1967
-9243
-9913
1682
8671
-6062
-9871
-1789
-2024
7831
7290
-9700
-8397
6900
1480
8353
-3687
-5701
-8275
3361
2312
5845
-8864
-5432
-1113
6601
-5848
-1141
7720
-7058
-3926
4350
-9013
-4415
-4760
9534
-3717
8408
883
-6041
2156
-4297
-8422
6979
-2740
-7189
-3832
-2729
-8366
-7774
1039
4530
-8445
-8387
1833
-6046
2729
2581
382
9613
422
3887
2169
-2900
544
3938
-1664
-246
8333
-3456
6251
-5556
-6776
-5536
-808
547
-4759
7846
2088
-5488
6316
-6436
6300
-980
-9424
-829
7523
5952
6344
5727
-4809
-5066
-204
-7715
-5520
6633
5782
7696
-6705
-754
565
-511
2913
-6196
8955
2136
-3950
-6169
7314
-3100
5527
-5690
8740
-8349
403
8042
3665
9807
-3816
-8086
3685
6380
7131
5929
220
-5240
7456
180
-9754
-3039
7787
-2870
5695
7542
2560
-5594
6043
6968
8611
7531
9918
2295
-2972
-6268
-8274
7449
-3500
-3452
5281
9214
3968
-2145
5674
187
9674
3838
6626
1847
6247
4281
2887
4512
3613
-7571
436
4717
-3712
-4598
-893
1571
-7092
-6266
-7122
1418
-6762
-3682
9576
9842
8018
-2688
-2613
-9212
-5883
-1708
-4392
-2043
1364
2400
8184
4974
637
-545
-6709
-2435
9954
3441
4623
-8192
8059
9804
5275
6876
-1301
4744
2468
-9842
-6079
-7153
7827
-3886
4245
5028
-9030
-4632
9346
8379
7539
-1768
5254
-9402
6072
-9479
-7196
5715
-8082
-4798
7573
-6340
-2115
6120
-6386
6481
9876
99
-4050
711
-6372
7860
486
-8642
4790
5295
3816
8683
-966
9514
-2472
-7905
2115
2551
1965
-3610
-3836
122
5583
4149
9691
1698
7651
-7171
8957
-671
-975
4644
7433
-4589
-6865
6552
-1284
4679
-5041
-2215
-8416
-2420
26
-3138
-9684
-2603
1776
-8367
5238
-6832
1525
-8067
-8958
9393
-2291
-5462
-9561
-7324
-4672
266
5234
1924
-2795
-1116
-5185
554
6482
-9438
5990
860
-762
8497
-7722
6990
4049
-5708
-8244
-3723
9101
-3380
4920
8774
-2218
-7840
7421
-2569
-3475
-2970
9529
6686
8341
5996
5652
-9842
9477
-8942
2260
-2671
-4892
2855
9709
-5331
473
-8969
422
4330
4996
-7172
-1184
7024
6309
6469
2279
4774
-5567
-5712
2232
-6527
-3552
8728
-9268
-829
8339
7286
-5947
-6275
6737
-3118
-8609
-8102
-158
-8882
5687
5894
9210
5879
-2558
8661
-9447
-812
-6730
4719
2038
-2833
4380
-7544
-6280
-8646
-7729
1108
-9826
4385
5586
3853
5880
-7327
5849
1307
4471
3547
4191
-4682
-5152
2839
6460
7736
-1452
668
-1356
-4398
-6210
-9495
4322
8186
-9967
7284
1083
-7157
4880
65
5024
-7891
240
-9483
211
4426
8153
-1654
2830
-5593
-9865
-7800
1596
9648
-3738
-3090
1139
-9173
-2085
3008
-9585
-3864
-1783
-5601
-843
8124
-8235
-7503
8447
9791
-2312
7590
-4008
-1067
-8730
-4275
2283
-75
4196
2171
6825
9259
5787
2516
9063
7147
-46
-3968
2995
-9024
254
-6392
-2666
247
9274
6344
1092
-5302
-4096
-6069
-9281
5993
3594
2942
6732
-2090
-9155
-9475
6637
3441
3118
5267
-6363
-8601
-4805
-3932
6437
8694
223
781
-4419
5111
8670
9027
-7005
-8689
-6008
-3157
-8535
9939
-3924
4472
-4366
-8999
-180
1580
9167
-1964
-4385
-2269
-4906
8348
-2179
-7756
-8178
-8220
-7111
5913
9743
-9206
-6079
-562
1515
-1979
-2351
5976
-7444
-4890
-4144
-5652
3432
-6588
6030
-3824
8818
-8281
2416
9656
-3347
9120
-8450
8546
-4381
-1114
786
-430
-6454
-9625
-3262
2722
-573
7244
-6651
-2541
-9836
9521
181
-1302
1292
-8709
-4264
8973
699
4973
-5571
1749
-7191
-38
-2406
7002
-5354
-3687
-8954
-6722
6096
-919
4136
797
2731
-1106
123
2177
9398
-1667
-8692
1827
7353
1548
2250
1883
5323
-301
6064
3557
7819
3157
114
9027
6775
-5824
-6275
2975
7299
-6680
5146
-206
9414
4807
-7899
-4748
1677
-723
-7984
-4713
5967
5523
1058
-4868
-4270
4422
-205
-2375
-730
6707
6075
-1599
3465
3580
-9840
-1842
-3438
-8198
1789
-3460
-6943
-9598
-9094
7023
-6455
224
4571
-5240
-8926
-2637
-4607
-8518
3172
-5853
5950
-6218
8466
-6406
460
1119
-7757
-7230
8695
5700
7015
4073
8951
-6836
-8406
-8812
511
-9307
-8731
-4637
-7215
-9309
2636
5429
5385
7190
2795
-137
-2782
7455
-3549
-3811
9900
-637
-2152
6956
1596
-8714
-106
-7087
2399
3942
9426
3855
-4134
-7642
8967
3866
4424
6700
3760
-8287
-6766
-2300
-1646
5779
-544
-3390
-4179
-6635
-6692
-1393
3068
727
-2236
4402
3530
1266
119
5271
6200
-7988
-2227
-5066
-5361
-4056
737
8595
1006
1847
5086
-5145
-7867
7636
-9904
-5692
-8819
3515
-9153
3769
1357
-7438
92
-9367
6077
4798
-2354
3870
-5134
-8255
7836
5628
989
7827
-5413
7812
9073
4059
-6774
2018
-4105
-6955
-3979
-23
-5581
7800
-7072
2892
-365
-5351
-3634
3790
3979
6758
-9673
4288
6514
-6446
889
2856
8259
-7124
-5067
-3503
-5681
-4028
5247
-195
-9841
9553
6668
7710
-6812
-422
3498
-7576
4596
1263
-1367
6968
3443
4818
5867
6487
-7164
-5699
-5136
-5667
1140
43
-3102
-7988
4711
6681
3744
-4871
3882
-3474
-4765
-98
2588
-474
-6237
4968
-4714
4571
-622
8103
5415
4076
-5583
5818
9236
-2091
-6851
7357
-4913
7363
-9261
5269
-8613
-8460
8376
-6243
-6741
-7021
-6974
-5769
5526
8958
-1055
9585
-7651
5619
4220
-4963
3187
8261
6382
1753
1041
1928
-9743
-24
1834
-5028
-6446
4967
-8743
8706
-2380
1707
4607
7759
8629
4534
-579
-4874
-4891
-3486
-4116
-4576
6483
-6101
-2929
700
1781
9049
3016
-1771
-8663
7650
1659
6409
-1735
-6502
-5153
-9726
-9091
-7154
-2140
-5987
-7694
-3994
-3758
-4631
-6757
1055
3485
-2360
-2393
9437
-5782
-8468
3069
-8086
-4393
-202
4693
6585
6301
-8979
883
-9728
950
-6623
1845
4919
272
-6042
-7121
-8215
5552
8728
-3578
-2546
9342
-2587
1024
-2538
5268
-6755
-3139
-8894
2635
2078
-6391
511
-5184
-4652
6661
9090
7281
-1813
7526
-9406
8845
-8351
3542
-8860
9499
-1768
7311
-8997
-7248
-6984
-2305
9014
5501
-2411
3286
3634
4492
6086
7014
6362
-1303
-3257
-7313
5800
-8641
-8245
-6758
8773
-7114
-8702
-617
-5958
-2002
-6037
5535
-7400
2264
-7845
-5491
-4076
1114
-4517
-3693
7076
1094
-9023
-3132
649
2631
1047
8835
-1781
-8746
-2633
7167
6445
3289
7148
-3239
5798
4560
113
1266
8857
2759
-8476
-4995
-9136
-3596
1356
1212
8117
4117
-1608
7783
-2388
-7197
-3892
8164
3882
-9492
-7816
-3268
-2946
2729
2841
-717
-2968
-9775
5269
6597
-5924
-9455
4429
2409
829
-7576
3509
4901
-7595
-8979
-128
-6873
-3852
-7436
-4812
-5445
-5088
7315
7345
-1314
3770
8216
-1808
-5031
-8471
4942
-8033
-3069
-3459
-3350
-8272
7059
-4800
3790
-132
-1334
8687
-1733
376
-5720
-1436
9940
-5763
-949
-8152
-5473
1469
-5795
-8025
3306
-5183
-4945
-9746
-4505
-9879
-9395
-3397
-9107
-380
9340
4756
-6828
-8310
-720
4595
-4872
-7687
6803
-9836
-427
6083
3643
-5292
4494
-7046
6218
-7138
4200
-1433
-9613
-8187
-1428
-3898
1396
2561
531
2688
2069
7386
325
8323
-4808
7713
-2897
-7400
-7977
2057
8147
3308
3963
-6542
-979
502
7179
8931
65
71
-302
-901
-93
-1325
3283
-3236
7578
8859
9674
-3063
-6843
-2700
1732
7207
-3668
-459
-8006
-2698
7638
-8984
-6546
-4118
4463
-9437
-894
6281
-1756
