-7774
4112
7047
1516
4868
8061
6365
-8172
-8937
-7808
-6430
5405
8574
7015
8959
-3730
2480
-5883
-9756
-6862
3333
-8438
6251
7100
-1794
-2157
-5698
2354
-7117
6087
-8884
9874
-3731
-4129
-7009
-6870
3567
2999
-5753
8679
-305
-7091
9557
1635
8667
-1415
-2744
8078
-1028
-7511
-7861
9246
3803
-2190
-9428
-3014
-5646
-8417
9634
-710
-3975
7527
2852
7066
-3865
2069
2489
6964
-8783
9904
-7155
-2880
-5777
-5369
-8021
1003
7337
1746
-352
3784
3977
5300
-3150
-4031
-1645
-842
-1082
5660
-2319
9118
-7512
1444
-7666
9356
-959
1617
4181
7117
-6979
6411
-8706
-5657
-9153
-6258
3277
-7337
-4351
-8072
-3059
752
-135
1838
-6569
3166
-9175
-7256
-1634
3645
9066
-5918
-1853
9128
-3239
-6104
2474
5426
7732
3057
-8141
-8728
-2377
2785
-6808
-1060
8714
1117
-3732
6543
6853
4873
7542
9423
-1498
878
5236
7837
9417
2922
-2247
7888
-2349
4758
4080
-9005
-5387
-7367
303
8439
8884
6497
-2181
-9469
-4973
-9083
-6639
-9417
3308
-2426
-1513
-3283
2345
-5738
-1159
-4807
-2281
-7675
3740
-1136
-8396
3733
6665
1840
6456
8436
8897
-2286
-6552
-2839
-6667
2244
4543
5232
-4589
4505
-4167
-667
7173
-452
-1737
-8389
2115
-8334
3013
2270
2601
-6301
-7646
-449
-9078
-5781
6065
235
-5439
-4018
5523
-1324
-3446
691
-9692
5448
9722
1815
-7852
8829
7001
4646
6504
1870
6001
-1205
-6010
1302
5191
-5850
-6558
8254
7856
-8156
1924
1140
6396
5207
3187
-1460
-1273
-3828
-2090
6039
808
5660
45
-6371
-9623
9807
-5370
5892
8502
3257
-7629
89
8341
-5766
-878
-931
1637
-3409
-3195
-1238
-6003
-537
6854
-2951
4181
-1143
3223
6818
-4617
-2398
5567
-5583
3265
-6302
-4710
-9462
260
3793
-358
-8282
-2952
3952
608
4397
1232
1127
-6696
7388
-6461
-7890
-7678
-6680
-6357
-6934
-7933
5562
4201
-9663
7217
-5474
9775
-3912
-3127
-8541
659
3758
7796
3066
-4406
6947
4660
5432
5357
95
779
-1999
-3730
-9518
-9532
519
-8334
-616
-2058
5406
6647
8571
2227
7363
-5734
-7158
2409
5789
-9955
-6111
242
4467
-270
4953
5588
5126
1978
9706
2779
-5823
5098
-2792
2786
1164
3379
1355
7048
4796
-6740
-4304
545
-42
-2334
-2152
2766
3376
7612
-2498
7807
2184
-1742
-8425
1394
9168
6171
-9016
-3078
1981
8782
719
-9544
-2678
7030
5668
-6672
9630
-2073
-4696
-2584
-6667
7919
-3183
1538
-9921
-638
-1422
738
4585
-4138
-9888
-6894
-1889
-9523
-9806
-8040
1200
8832
2614
-2522
9369
7352
-8910
3570
6400
4023
-4160
3268
-6274
4055
-3370
2416
-786
7914
538
-9688
5808
450
2435
-9320
8739
262
-8191
-2251
-9684
5478
-8108
1354
-7106
267
-767
8595
-3633
7574
-8614
-2895
4001
850
3976
-3520
-8405
-4105
-2991
-9496
4908
-5146
-1911
-4899
9093
1184
4572
3047
-3294
-8683
5544
9754
5874
-5750
6747
-8816
-6284
-2321
-6734
-6140
2278
-9424
1458
-4414
9598
2721
8993
-7193
1499
8345
-2434
6988
2667
2064
3167
-7950
6972
-1180
7809
-4144
-4024
7706
4803
4287
3263
-3528
-1914
4363
752
8426
4665
3142
-5823
-8552
4996
-3047
-4761
-2133
3796
-8740
-233
-9975
8092
4472
4352
5969
-4995
-4043
8952
-3566
-6700
-7337
4446
7365
5882
6899
2103
-4024
8012
2180
5787
-2805
7198
-5459
-202
-2291
2694
-3327
4385
383
7419
7246
9967
8417
-1628
5950
-7668
8689
-8987
7315
463
9293
3878
5286
-1043
5983
-2165
422
7825
2428
-7305
3764
7729
3543
-7757
-7728
8824
2987
3187
-9145
7556
-119
-2289
6716
-6403
-2071
-5387
-4122
-7214
-5037
-5056
7611
930
-9643
-6280
-1362
-2040
2464
-1133
-6535
-1753
1696
3294
-8712
3351
-9692
-4143
5905
4546
2011
8017
6649
4617
-9157
-7531
-7466
-4669
5928
6963
-4467
9651
-6808
-138
3223
2213
-7659
9633
-5501
5318
2377
4878
-5259
7846
5833
-4993
-5808
1062
8157
-1849
8756
5152
903
1920
91
-1651
6671
8117
9587
-6985
-7444
9495
3315
7808
-3841
9939
-2607
2120
2392
-9624
8693
6156
6002
-5844
1533
3643
-9736
7530
4613
5943
6603
-9520
1191
-8578
6032
5907
5971
-5287
4304
-3446
-4118
-6082
-4703
-5375
2143
9292
3734
2514
-1112
3071
4118
8693
-7542
-4929
2651
-3143
-7977
1616
5703
-6404
1768
-9087
7091
6245
-3596
-5893
-9763
1370
5945
5048
2204
-36
-6751
-7293
-1771
-6806
924
2240
2349
-1715
8924
350
-1789
502
-194
-3249
5862
5035
9566
8149
2156
-3794
7754
-6255
-8847
-2239
-8156
5306
826
-6977
7000
3137
-2453
6493
-9076
2397
8643
-2796
3116
7612
994
-8011
48
-3939
-8986
-5199
-2370
6311
-7030
3152
5525
-9804
-989
-2080
-8504
3314
-1804
1030
-3488
-2947
7351
-4708
3881
9520
-9367
-6644
3505
5303
1075
-2399
-793
3476
-6271
-5385
6026
4126
-3968
5726
-99
-4105
-5040
5927
-1156
3807
-8762
-7498
7856
6380
-9068
6332
8049
7060
4294
8009
-1063
-2355
-1837
3144
-9277
-8196
-5480
6733
7959
587
8033
-9934
-2822
-7079
-2171
8624
-4550
-3803
8806
-831
-6130
-3697
-1638
-8333
1474
4888
-5896
-8349
7065
-8595
8726
6660
1792
-874
-3602
-5793
-7702
2401
901
3393
5248
1943
5545
3023
-973
-3300
1071
-4605
-2586
4584
4521
7920
5472
2011
7483
6730
4264
-2585
9850
-390
-2335
5069
7486
9669
-9985
-6372
2916
-7399
2036
-2248
5370
-4657
-1709
2608
9988
-1550
1468
-4799
4747
-1103
2001
-4336
4161
-5571
-5664
-5969
-391
-3757
-7899
4279
8581
940
6011
7374
-2499
-550
-487
-2133
-4710
-2688
2038
1327
-2278
7115
-7355
-3324
3147
6663
3844
-6025
-1229
9849
8109
-692
8676
8875
3036
4201
5812
4247
7675
-8645
-5194
8871
-8599
7753
7490
-2172
-9104
-8571
2898
5379
3400
3162
128
-4699
-8548
-9008
-6697
4919
-6525
8271
5255
-9968
-5211
7632
-3789
-8588
2345
-3028
4992
8721
6802
4618
7953
-3774
-8970
1535
9704
9501
-4198
-3863
5585
-7704
6742
-8599
9954
3643
-7585
-4626
7680
9122
-6942
-1042
1997
9657
6273
-3204
-1729
6971
4686
-2726
5047
-1215
561
-7053
-2987
4508
9893
9312
-3098
-2516
-8288
-7500
-6247
4216
-8416
-8478
-7171
-6255
-9355
7419
-7021
9853
-6784
-4191
-7572
5766
-3087
-4072
-9975
9303
-3719
6778
8027
-399
6950
-6769
5613
9319
5817
-5884
-3693
-1117
642
-8198
-3564
2667
-5557
5496
-5239
-1616
-9903
-9167
-2844
-4953
6111
3590
-7919
9563
88
-5062
3743
899
-239
-7695
46
-2452
3247
-8373
9709
8431
3647
636
-2565
9423
6783
4517
-904
749
-8993
731
-7277
4982
-4508
-7137
-1560
-4609
-1781
-1680
4915
-254
-9332
-772
-9272
-9756
1213
-832
7748
7836
-5811
3444
4186
-8379
-69
-9103
3591
5339
-6070
3037
-82
-4630
-9638
-6955
2909
5262
-7411
5623
6943
-604
-6464
1603
4937
-2212
-2330
-236
-6992
-910
-6511
7975
4400
-3552
-707
-7334
-7175
9643
-7377
7554
5066
7460
-6501
8636
-1183
6663
1389
104
4591
2442
8666
-3356
-1066
3238
8905
7980
4858
5815
-6322
-7836
-2495
9326
9159
3571
-808
-6112
-5843
-8160
7840
-3599
8457
6069
-1145
2999
3471
-7151
-9238
8729
6809
2174
-940
7772
-156
-638
-4820
1375
8147
-6919
857
-3880
-9817
-9674
7668
520
3792
-7584
1180
9145
8277
-5964
4989
-9694
-255
3183
-4869
6624
7269
-875
-3111
-160
-3997
9917
-6939
-9361
-7641
-852
-8579
3754
3660
-2823
8022
6816
9169
-4605
-8190
-6268
-879
-7631
-8386
5102
-7885
-8985
8760
2671
6572
-8124
9973
-1896
4809
-6330
9383
3588
2724
431
2952
9414
7833
-175
-3241
3259
-1282
1941
-2410
-3468
727
-6623
6668
9142
-1177
1394
8873
-2926
-2488
-8608
-1661
1845
-1470
-4620
6758
-5949
-8431
4876
1219
9682
-9266
-6739
2540
9763
-3522
-8712
-3277
5909
-5357
4088
-3279
-5780
-5061
-2131
7294
2470
-3403
6711
4050
-8695
3466
-1082
-350
-5698
-1994
-6857
-5621
3289
5554
-3780
2022
4921
1087
9437
-8756
-953
-5842
8673
-6891
-8824
94
-7676
-5899
-929
-5931
-3989
1652
3486
438
3412
2003
9634
698
8670
-9024
-2134
-150
3590
-3197
-6402
-5937
-5305
-3273
-7617
9539
2457
-2709
3682
-8683
9503
1547
7550
6540
-2664
-8029
9570
-6546
6156
-6139
-786
-9792
4939
5482
6494
8995
-9019
6710
-1132
2072
6982
140
9179
115
1694
812
6138
9702
1846
-6408
2028
701
-9123
1401
-9356
-4250
6965
4077
8686
-2216
7848
366
-3257
-4139
-6036
3521
5207
-1072
3087
490
8811
-1739
6456
-6644
8158
8557
7003
824
-5465
1375
153
9958
-727
4932
-9859
9238
-3744
-3412
9221
149
7671
8568
6465
1618
5508
6271
-4043
-6495
-5485
8621
-5012
-3722
-4707
32
6055
7451
-3963
-6502
7256
-3549
6112
-9064
-8641
176
97
3194
3813
-8473
1818
9800
-3464
212
9627
588
9687
6751
-7848
9501
-1043
9001
1595
4705
9744
-2771
3692
-8353
-2690
9784
7172
7846
-5520
-93
9656
-8385
-8578
-7296
5896
807
-7779
-1587
222
6683
2370
-8844
8693
-3761
3954
-9425
-7956
-6538
-7138
-1866
-5969
3668
-9903
-2564
6072
9784
-7798
3831
-1141
-7125
-6042
6448
-5544
1873
6752
2614
901
-8561
7933
303
-1630
7049
-4947
-4541
-9179
-8109
-2263
-1672
8933
3739
-7753
5410
8173
-8288
-9808
-6068
-6982
-5871
8251
-2056
998
7414
-1673
1675
1993
51
1878
6047
6085
5636
3448
-9784
-1301
-468
4337
-5999
603
3373
-3316
-9080
9940
-4682
2241
-9683
3978
4368
8393
4746
1941
-3550
5136
1266
-7831
-7340
-4040
9428
-8322
7998
-8331
-4766
2360
-7088
-2308
6887
-6875
-919
2675
3325
-4632
6157
-2841
-8933
-8551
1948
-3902
836
-1516
5170
-6395
-840
-2316
-9193
4000
-6645
3109
-4749
-8117
-7245
-6885
426
8339
4221
-8489
-9639
5949
-7032
1401
6023
-5430
-5877
5162
792
-3161
2648
-3386
-6208
3208
2382
4760
9343
6665
2450
7255
-1701
-604
6205
-5295
-2201
3887
687
8566
-7334
5799
305
-8383
-142
-1362
-4523
6996
-441
4705
-1301
-1587
786
7482
2809
7350
-3042
4808
-7980
1451
-2868
2074
-3570
8820
-7937
3797
7593
6722
613
5469
2931
-2828
4562
8512
2742
6483
8228
-4884
6194
-6580
-1879
4851
-1626
8717
5791
7609
-5168
2738
-5712
5524
4120
-4197
-7921
-3279
3647
8241
4662
-5829
-8312
8397
9150
6313
3491
-7619
1633
-1522
7342
2486
8031
1670
4655
-6647
6077
-3874
-1107
9296
6280
-3643
7567
2807
5991
2323
-5960
3426
5539
-4623
-3029
7896
5748
2131
4880
4429
7754
-1328
-8578
-1173
6946
-1521
-9310
6685
-7584
-8644
5537
2988
-5806
-9341
8553
-9405
6950
9019
4077
7622
-2961
6859
-4709
7134
-5373
-4433
9716
2499
1958
-2983
-1055
2949
2873
5527
-3660
-2707
-1239
1242
-505
-7692
-4914
9072
-8484
-5123
8523
-4699
-4695
9059
6221
-8178
6116
4086
5774
3673
9767
-3881
-4562
4434
-5637
-2501
8936
6923
-4693
3792
-2817
-7090
7622
6000
-3379
7608
-4887
-280
3519
1207
2456
822
-7264
7444
1389
4289
6345
4074
-7281
6264
-9861
-1143
-5856
-7207
-8527
5031
5827
-7814
8736
-6779
-1729
-9996
9888
4730
7102
-3750
1950
-6051
-328
-7659
6854
7423
9360
-4549
6794
8131
-8917
3494
349
625
-8830
2085
1432
8045
-696
3099
-9806
3105
9433
-357
9494
3571
-2367
1831
-6205
2910
9778
-3051
5503
5847
-253
-2021
744
-5317
-1046
7312
1755
-8154
1073
8471
1630
7736
4471
-2191
4810
8496
9822
604
7719
4571
-796
-4058
4420
5249
3611
-9433
-3670
-2920
7949
-2030
-9408
-2413
8618
1529
9106
4704
6825
-7490
-7522
7841
108
3450
4442
-3669
-8111
-9451
6200
-2234
-1526
8825
45
-4484
7960
-8680
-5526
-3869
3606
-7080
1310
3185
6884
-9321
-5210
4963
916
6945
1850
-364
2055
-9206
-9831
1939
-5523
-8459
1845
-5552
1313
6204
-9587
-8861
2800
-3556
9866
4236
4085
-217
150
3665
-6844
-2072
-4120
1702
-7122
1652
9447
4438
79
-149
4864
-1653
-1806
1890
-3939
6758
-6164
1281
2757
4131
-3950
-8620
-2690
3781
-7157
-674
7500
1746
729
6775
7866
-715
-1155
123
-9994
-9344
5619
542
-634
-1311
2026
-4770
8858
9104
6578
-1870
-6843
1092
9855
-5878
-3180
3154
-6325
-9088
-5019
-4616
4307
-6472
4321
9715
7811
-3470
7964
393
5111
3528
-444
-6482
-5582
-5647
2646
-3119
8367
-9416
3915
-9152
-8649
-9266
-8301
6448
-335
991
717
7403
-459
-7708
-130
4326
-3180
3669
-6096
6782
-3061
6474
7852
-4808
7973
8942
6748
6751
-2627
9973
-1556
5313
223
9420
9059
-5459
-6152
-670
5331
-898
-6371
4498
-658
4242
4248
-3389
382
861
-7281
4678
-3170
3150
-7927
-9563
43
7492
5341
4806
480
-8556
4532
-2111
-6625
-1958
4102
4820
-310
-8868
1922
-4491
-6992
-5563
-5422
2009
1200
8158
5758
9087
5385
964
-9316
2735
5163
3057
8558
-478
-2934
-2332
-3816
-8833
2266
1079
-6534
-613
-4936
720
-5714
-2977
1313
4195
-7099
1537
2363
615
914
4813
6901
4444
-8941
1065
807
-8777
8838
3373
-6762
-3145
2484
-4991
5816
-2282
8570
-7409
-714
8324
3313
7247
4746
6330
6960
-2585
7276
-7550
7505
-6930
9006
1466
-8483
-8691
731
3447
-9817
4553
4734
-1016
-6115
4365
-9114
2
7333
-6310
4652
-7239
-2907
2046
6947
-4353
9179
5933
-1377
-1798
719
-8091
-9007
-1817
-2732
-229
4997
-937
-83
-8368
-9977
-3445
-7670
-3664
1943
9963
-4861
5796
5066
-1897
-9831
2893
6643
6034
-4778
2371
8742
6362
-9210
-8109
-1983
6090
-2786
663
-3966
1535
8431
1044
76
-8085
5529
9763
1401
-6513
2117
3237
8639
-8693
5531
-7859
6594
-7732
-7259
-3816
-9489
-366
7656
569
-3694
-5648
4595
2556
-8088
1056
8350
7389
5416
-98
-7347
-4771
18
9541
-9750
-7079
6961
-9886
-3076
1168
4911
-166
9587
5623
-5793
-5052
-3189
9383
-4964
9081
-2411
-1975
-8477
-558
-2843
-831
9394
7350
3418
-2561
-488
8462
9012
-9980
-4897
9806
8154
-8644
6586
-9880
8137
-9626
-1304
5601
-3656
-5838
4166
-4753
-4936
-8536
60
3190
4527
1874
-4014
6913
-9267
-3655
-5446
4178
3336
9014
7290
-1
-7641
9518
7485
4320
1212
1051
5349
-4691
-1228
9249
7523
388
6122
224
2618
-3890
-7022
-1774
-9901
7588
5285
2828
2975
5130
-9283
4006
5623
5601
4754
5671
-8549
-2863
2180
-3733
9427
-9066
-9118
-3546
6809
-2184
-1853
-8245
7750
-8518
-9949
5012
-5292
-9598
3218
-8020
5185
4796
4860
1713
-9235
3686
1546
-3868
-7575
-6946
3423
-5732
2222
8271
-2164
6009
-6393
-7782
-4260
8453
-9048
-6736
-5597
4970
-4632
-5495
3415
3337
1333
4574
9079
-6057
3063
-2556
-5666
-1199
706
6656
-2679
-3500
-1879
-9887
972
3261
-4842
4901
-9367
5094
1168
635
-5476
3229
-4811
3710
-6143
8121
8972
1011
8656
-1849
-8138
-6577
-3450
-7794
-5243
5243
3716
-6613
166
-7639
-560
6356
1910
-3585
-6589
1612
204
-9587
-641
7650
-4790
6117
-8670
-2647
-3116
-1835
7659
7070
-2239
4012
3788
6180
4760
-8524
-608
-1036
7775
7928
7086
-8690
-1749
7511
-2469
4975
6220
-7123
-8569
3489
-7327
3061
-139
-1361
8878
-6566
-9080
4691
-2624
3004
-5258
8576
4466
-4355
9097
-1196
-7346
6278
-7294
-9797
9653
4818
-3254
-6838
584
8085
-5462
2457
4875
-2293
9886
6966
7934
-5526
-8397
-4129
-4196
314
-6273
-5783
8102
-1420
-2232
-5746
1004
-1151
-5327
-7085
2904
-9812
9765
8990
2297
-3058
-865
2294
2886
-8102
6660
-6361
-3011
5828
-6125
-2567
-2894
-4187
5080
3754
3300
7851
8110
4223
-6384
7510
-9582
1124
-7528
2474
436
-5102
-8079
3996
3540
9081
-3602
2609
-1314
1640
7547
-9572
-6490
-2477
2168
2299
396
5002
939
8163
-4879
3319
-3691
1885
6724
2749
571
1868
6552
9469
2480
8501
3644
5254
-453
2755
6560
9737
5639
9894
4254
-7785
2736
3270
-6268
-8388
7722
-5977
-8012
5612
7709
-7969
-4824
-8666
-4500
-5360
-9989
-1085
9423
-7243
-9422
2464
-7535
7677
8816
-8862
-6528
-4452
2457
3090
7920
5553
1240
-9663
6015
8193
8117
7395
5478
6540
1133
3328
4990
2010
2500
9718
9903
-4748
-3828
-4704
5311
-4540
-8777
-4015
-7209
9978
-9305
-5842
8417
6951
-6435
2725
-3017
9297
-5825
-9882
3446
-6701
4410
4535
-2869
1503
-8280
3665
6394
-8789
3813
-7775
7394
-3123
-6279
1633
349
-4716
5245
9507
-6297
-5022
-7039
-5129
-7620
5824
6125
-5032
-8807
9293
6256
-4898
-3070
-3409
-8542
-856
9437
-659
6677
2026
9265
-4624
-2238
698
-8681
9862
7385
9789
-1674
9526
-3563
-8839
3859
4796
2207
8054
4928
629
-6101
-298
1069
2060
4010
-8957
9186
2405
1612
-7311
4031
9596
9200
4573
5919
-5987
9166
-4967
4396
-5404
8193
-5217
2499
-5719
-3696
5567
4899
-5647
5918
-5060
9789
-7581
8061
7100
6004
5631
-444
9588
63
1310
7577
-2252
8711
6408
803
-9895
5510
5874
1720
-3948
9139
-4757
1478
-7046
-9545
-1271
-7309
9271
-7887
-9574
-4514
8142
-6736
-6559
6974
5749
1663
-2941
-2493
2121
570
-889
-598
-6486
4007
-1743
-6006
-3102
-1432
-5325
-1992
5106
7400
-3197
550
-5956
-1438
-9154
5790
-5808
-1795
3959
2745
-223
5524
-4213
8418
3567
5829
-7907
-2830
8905
6213
6442
2000
-8564
-4520
7561
687
-6246
-6721
5104
-855
576
-2544
-1582
1815
-4507
1964
-4682
6732
-6120
6242
-6304
3952
-7964
6249
-3771
1522
612
9932
8926
-5569
-2646
-7216
9153
-360
-9378
5015
9060
4292
2974
8814
-577
4698
-9673
5588
533
329
-7496
6493
3090
8814
8209
-9140
8539
-7867
5452
-31
-6612
6518
3589
4542
-8387
-9680
3221
440
6661
6364
-3919
-6597
-1056
1753
-6766
7778
9858
-874
-6680
-3700
-7893
358
9199
-7412
1839
-1406
3785
-8112
-7225
2790
7596
4921
-3297
-6845
6500
2540
6958
9849
4499
-4526
-5456
2053
2515
-7030
-2789
8195
5084
8042
-1691
3461
368
256
1952
-4908
-2591
5675
7904
-9055
-3983
9562
4737
4844
-8295
5585
2057
6674
3333
-4135
-9982
9040
6034
7510
-3055
-1388
-1515
8788
8808
-4296
3177
-4439
3454
8039
-2608
454
7093
4626
2469
-2180
-7671
-1734
-8759
6569
-8416
3788
-7866
-8251
-4768
439
7477
-4175
954
-897
4319
-798
8226
-8493
6253
-251
-512
-4343
-7318
3485
8305
9324
-5997
240
-9406
-7186
-4471
9351
359
1546
3500
4475
-6812
3699
-8392
-3925
-1711
1612
-1333
-8527
4781
-9756
94
-3339
-5067
-5043
7685
9958
5165
5723
6451
-3739
1076
3824
-7707
4604
7183
7574
-3033
7517
3488
1661
-1418
1401
7687
8337
5029
3568
8481
-1010
7621
4915
3750
4210
25
-7571
-7642
4699
-41
-3512
5329
-5262
8976
-4617
6454
-3942
-8294
5088
-8165
8477
-6606
5291
-5829
1346
7415
9744
-3513
8677
-4255
7838
1550
19
-3334
-8967
-1227
6902
-9508
-2407
1125
-8669
3742
6993
713
-2097
-5937
-752
-984
-6525
4876
8399
-6308
-505
-5067
-9121
-7739
-4727
-5691
-4525
5576
8279
-5523
6412
-7597
9445
-2064
3911
-9925
1266
-9590
-3976
-119
-7674
-1855
219
-1499
-5678
-4053
-2354
-1679
-9715
-5483
-8568
8300
-1206
-4421
-2597
3322
7750
-1260
5569
3605
9835
-7673
9003
7734
5598
-5527
4267
-3010
-6723
1731
-3821
8958
6882
-9633
-8363
-2695
2836
-1164
-9003
6631
-3381
1468
-210
-1505
1593
9157
2765
1275
4462
-2041
-7127
-502
-5983
469
9207
4523
-740
583
-7139
2344
3540
1791
-9102
-2264
5608
6580
-5260
8580
1360
1612
-4520
-7965
-5276
5917
1196
127
742
8836
2680
2648
4029
-9837
-2407
3498
4863
5241
-6284
-5244
-9708
-4548
4176
-7044
6161
-8095
-3419
3503
-932
7586
687
4072
8538
8207
-1577
2223
-6239
-8125
8485
3693
1047
7109
3036
4903
-4428
3006
-8221
1708
-7998
-7101
-5558
2498
-9687
6637
-9835
6931
3383
3773
9448
2905
9992
-3804
-5200
-8092
-6123
-3325
-4304
347
4123
4172
9910
-7641
-3738
-6777
-6101
-2880
1032
3744
1592
8668
2662
-2479
6981
1048
-6039
644
490
8546
-71
-4300
-3578
-6916
6503
5657
-5651
8277
810
-9319
7641
-1980
-7871
7087
2327
9152
-1558
9708
4319
5597
-6466
9748
-2819
3776
2127
8656
4180
2450
8796
-2032
1651
-6686
-6754
8307
-6239
5360
-2499
3881
5217
562
559
-9635
1119
-2944
9842
-4923
-1403
-8056
8964
-5011
-39
-8733
3375
6451
-323
-9825
2920
5875
-9914
-4122
-582
-5093
-3150
-6588
7066
6860
-9962
-4417
7738
-8756
5293
-8057
-6016
-5985
8739
-1844
-3436
2850
9572
-1000
1772
-6478
-242
-8906
-296
136
-7656
-86
-2614
8396
-5733
3318
-1212
-3995
6679
8043
3734
2423
-5373
14
2964
-7839
2470
-204
-6794
-284
-3525
-917
2660
7009
-4773
-5178
4416
898
5117
4030
-6266
4434
5212
-7994
7469
-3585
-2668
-385
-710
-7176
-6170
9587
-8419
-6212
-7438
-9365
2695
1290
-1604
3548
2999
-8987
-7206
2443
5345
-2396
-86
-3411
5925
1558
3068
-2691
-2743
-383
4300
79
2589
-9751
455
1207
-2296
7991
-2930
-7153
6024
3769
3153
2818
9520
-1270
-5554
3091
2813
4200
-7471
-6689
-3254
-6563
-6620
1990
8059
-2654
-3871
7401
-2445
7200
-5655
7373
-6789
-7817
-8040
-3402
3064
5977
-2647
2691
-549
-5304
-2605
3375
6992
151
3345
5750
4028
3962
1314
5608
5405
836
-4261
-387
2124
8721
5578
7024
-1268
-9690
4812
-9051
-3496
-9018
-4100
-9859
-5480
7183
532
7703
783
4415
2109
2305
8898
9037
3195
-2782
9409
9320
466
6659
-2274
3392
-505
-6617
-1455
-2020
-1244
1166
-4593
2899
-9369
-2363
2160
3589
3762
6200
-6643
226
9256
-7462
8665
4595
-8876
5385
-2539
-3287
-5693
9608
9383
76
-5104
-1659
5847
8286
-3673
-9683
-7791
-4093
1999
248
-9802
1076
-533
-8653
-108
-8172
8607
-7507
5074
-707
-2024
1531
2244
2431
-2712
8969
1977
387
-7004
296
5022
-4597
115
-7989
-3454
5902
-9641
663
6148
-560
-1958
4609
7441
-1418
3269
329
6038
-9445
5081
8601
8795
-318
-5718
2918
-9955
-1371
7227
-9121
-6853
-18
5968
-5641
7567
8869
-6820
-6558
959
-3887
-3077
8420
6713
1143
-1097
5530
-484
1419
8603
6624
1984
-9811
2477
-3613
8523
-9694
4974
-5870
2628
-5381
7482
7195
1913
-8253
-2324
591
-1863
4135
3861
-1548
1611
-7873
290
6726
5859
4099
-9003
-1723
8196
3557
-4016
-5093
9955
-2751
-5650
-2812
5139
-7866
-215
3891
-3772
-4939
-782
8552
8114
4117
9810
4679
-6621
-2224
2018
7298
-7808
-6589
126
-1968
-2657
3436
-4154
1844
8700
-6610
-6350
9510
-178
-4607
-6282
5501
-2015
6516
-9172
-3043
-1679
-9051
-5176
-7510
1741
2890
1392
8968
-4871
-356
-157
-4084
-5516
-6137
2152
6303
-8846
8073
9873
-7019
3239
-776
2514
-1306
918
8838
-9884
9869
-4279
3586
4290
-6727
5401
4139
2632
2350
4786
-6012
2463
-5154
-2844
-4520
-2967
-5095
-7531
3680
-234
-9225
-592
8724
-9031
-5151
-1015
9836
8453
3407
4038
8513
1899
365
-3259
-4302
-7888
4108
-9148
-6974
5851
-6540
4778
3183
4840
8145
5860
112
8509
-4099
-6685
700
-1078
274
9809
-19
-8416
-9587
8620
6018
4606
-5464
-580
-8004
2864
107
-629
-3283
1328
562
2053
-7205
-272
8230
9323
4058
2776
2740
33
-748
2585
-494
-7582
3902
-8939
7441
-2996
-197
-8993
-9922
4169
-8597
-8819
3425
-6405
1973
5106
-3659
9903
1350
-5978
-5744
313
7705
1318
-2068
9853
-3553
4053
-9643
697
2099
-7026
9419
8643
1358
7377
1824
-3053
9794
4247
5520
-9990
6028
461
-2704
5428
-8462
-9628
-5700
-493
-434
-1885
8160
-2171
7579
-1066
53
-951
-1270
-8035
8178
-5346
-9313
-4697
-282
-701
3206
1743
2969
6626
7007
-4944
654
-8563
-1145
-2490
8392
-4208
7311
-5555
-537
-1704
1896
103
2654
9425
-2041
-3283
-9868
-8568
5813
-6656
3189
-4208
3563
7760
-3862
-4066
-2175
-3236
-6453
-1289
-4366
-5331
9350
-6550
-120
7157
6313
-7959
-4471
4845
7196
6563
8016
5928
1542
-1487
6398
-9670
-5755
6721
-3652
5022
2069
1610
-1933
6191
-8358
1433
-1048
-2039
298
-4404
-7120
1316
-8496
5009
-2935
4379
9035
3978
-8779
7384
7864
7555
6690
7810
1518
-3828
7586
266
-5129
-3431
975
-6478
-3992
-4480
-4635
-7665
2059
-6475
6273
-3447
5549
-3380
331
-1490
5521
-1933
-9437
2953
-8704
7385
-2739
6682
4934
1012
6643
-7714
2036
784
-6277
-2663
-3174
-6074
-9249
-4757
837
-3227
8182
8682
9476
-6308
6740
-1393
-6441
-9582
-266
-4109
-1406
-8097
-7788
246
-9283
-273
1382
-7315
-4791
8585
5350
6258
8990
5672
104
1565
5383
-5383
-5976
9224
5336
-9119
-2974
-590
3597
6311
5477
-7756
-2544
9521
-8274
8613
5803
-4525
3124
-5604
7891
-8808
-5259
5865
6823
1682
-6761
-991
-2166
-8973
-9165
6317
-8792
9955
497
-5617
-1703
5533
7360
5507
-7260
-2198
259
8040
4335
1022
9716
-3401
1800
-6238
3007
-1386
-2052
-14
-8287
-5989
-5131
2117
-7615
-5707
8310
1080
2829
-7915
6118
5660
-4830
-6878
7903
-7679
9827
4558
9488
7571
2356
8984
-6586
1542
-4755
-5961
-2166
7315
4635
4004
-5646
-384
3580
-9701
9243
7050
-200
-3780
-2773
-3000
3976
3905
-2478
1848
-4262
-2949
8275
8454
-7034
-6403
-8606
-5250
3859
6871
-9719
-5193
8631
-3616
1904
7138
2796
8135
1593
6379
-7661
-7930
-746
2421
6468
-9059
8162
-7064
-2578
6933
673
-7679
3158
-6219
-9623
2733
-5415
-7598
933
-4549
-525
5383
5685
547
2727
-4518
-2878
-4113
2052
-8774
9231
9503
-5086
680
-6013
6966
9645
6139
6766
6858
-6958
4148
6826
-7853
1458
-237
-7595
2043
2202
2675
-9998
6911
-1302
-6571
-8308
705
111
-3637
-5457
-9729
-2758
1753
9446
-4362
-5608
9081
9462
-2052
-387
-235
2633
-4512
-438
-1396
2923
561
-7363
5213
1591
3591
1513
1666
9258
5411
630
-1044
9167
-1401
-3613
-4629
-1389
-5170
6188
-7675
256
-6666
-9891
-7504
6704
8040
-899
4760
4080
7470
9594
-2216
-8668
-6599
6222
5058
962
6800
4117
3783
6123
5223
4093
5744
5845
4077
7570
5050
-527
3167
5907
5611
1872
3960
-4825
-4986
6622
-6676
-5998
7721
7707
7445
-4422
3825
8817
6862
8079
-484
-6672
4785
-3300
-4479
8249
-5246
4090
-9507
-6819
-7862
-6364
7263
-786
6658
-8002
-2747
-3993
-57
4392
-1735
-4116
9159
7409
2079
-7418
-8690
4166
-536
334
144
-6286
-8107
-7398
-7803
-5759
8163
6596
-303
7743
-3001
-1119
1725
-104
7324
-4982
3000
4972
-2425
5521
4144
1007
7377
-9517
8496
9957
4407
9417
-9403
8983
9416
-2975
9427
-9429
2641
2220
-2692
1216
-8886
-30
9335
2719
8071
-1658
-2250
-193
4703
-9697
-5001
-1341
9520
-4179
2158
-4388
-1106
-5506
-8518
-7389
3399
5127
9442
-551
198
-1408
5708
-4569
-4086
-5072
376
-5933
-570
7974
-8964
-5962
-1508
2715
-8143
-1006
-1958
-7820
4271
-6263
2286
3246
-28
-6558
-4734
-521
-219
-2498
1486
4855
6712
-4929
3336
-9221
-5391
4769
-7431
-8528
-3801
-9247
-4405
-9875
-2155
623
2843
4424
-1272
4842
-5492
-1383
5292
6274
1195
4411
-3771
-5216
5586
-3099
5809
4052
2176
-5120
-3330
3300
-4630
6199
-7474
533
8476
8186
9013
-18
-5641
5681
-6871
7194
2341
-1230
135
-7910
-4492
7357
-6314
-1769
1587
-8089
-5002
-4852
244
1469
-365
6756
-6938
-1651
-3004
5512
-4960
7309
-5762
8990
-5082
5481
-6160
-3950
8112
-8055
-3932
526
-7510
3906
-6834
2283
-4089
4236
-9649
5259
7045
-6681
9832
-8295
-1435
8878
7798
3890
1383
3812
4018
464
5918
443
-7174
-1988
7158
-9167
-924
7078
9340
5319
5775
-8865
7808
-4112
3795
1987
-741
-821
6941
-7614
-7505
4161
6866
-282
4741
-3219
2543
2527
8312
-3387
-9849
-1315
-2464
2028
6896
-5156
5803
-5046
-2631
-3215
-8677
-5468
-4119
-6048
6468
4363
-2819
-4485
-1694
-8179
3603
831
8219
-3218
9558
-3701
5799
5674
8921
-4440
3033
6713
-5418
-298
105
-4410
-1748
-1899
-3621
3701
9270
-2085
3543
-9769
-5541
773
-4224
-5543
963
-4302
1323
-6510
4284
-6348
7340
2591
5607
-4984
-1054
2695
5851
-3688
-4217
-1222
3807
2815
-3648
2449
-5877
4788
-3675
3269
-3532
153
981
-8888
6031
-3243
-6960
-9002
-7553
8395
-3453
-3759
-3899
4986
-8711
9140
2176
1631
-4661
7806
5297
9409
-1546
-3505
6420
6959
192
7827
-4912
-9971
6039
-7588
-4608
-4557
-2232
-2528
-3549
-6025
6037
4109
1930
-2905
2754
8878
-3970
-5370
4215
7412
-8626
-60
-4929
-8768
-9572
3829
-3042
-5253
-7670
-8529
-4794
196
6319
-3281
-6146
-473
-2765
8049
-7637
6365
-7730
-3799
5689
-625
4469
-417
3943
-5807
-3499
-5981
-9581
7874
390
7219
3956
3268
-6085
-1010
7751
1896
-2155
-423
-6125
2488
2426
-9155
6723
6230
-9527
5014
-8823
8710
9977
9834
-1730
3403
-6586
-9218
752
1061
-876
7062
-4478
-8144
-8832
4306
-2848
1491
1711
5489
-8745
9191
-6895
956
-7173
3236
-9419
5799
-7035
-5467
-9219
1436
9967
7709
6393
-7173
-6212
-2965
1906
9384
2839
-1939
8924
-3091
6954
-997
-3051
9982
3722
-1174
4390
5598
7625
1361
4000
2513
9258
5097
-5669
9631
-230
7276
680
6749
-1713
-5417
-64
8409
9309
1457
-5839
-2122
-8868
-5226
-6527
3816
5750
4391
-8709
-8342
-9956
-8349
-1528
-5456
1188
-296
3396
7163
8968
-7530
-2068
597
-5866
600
-2140
851
-5206
-3720
-9011
-7146
-8241
-2724
-2658
3295
-5638
7858
7590
7351
9844
-9292
785
5009
-8396
6897
8803
4475
1659
2312
783
-6102
9245
-6970
-4720
-4288
-339
3427
-5107
-5500
914
-3629
4301
132
-2013
-7804
-3818
1087
3966
941
4800
-9689
-137
2360
1466
-9440
2726
7720
982
4455
9550
-413
4061
-500
4243
-2558
-3168
-1127
7036
6574
1586
-6225
-7366
38
3273
660
5927
9919
-6036
-5106
-72
4868
7062
9810
-2157
-2539
-4854
8569
-4461
-9723
8799
4343
-1101
1868
8417
-778
-1746
-7059
9947
-3721
-2467
-1789
6991
-1857
2390
-1684
8109
6746
3989
-2811
6822
964
8765
8016
-7149
-8374
5560
8579
-7742
-2687
-9651
7088
9168
5838
4576
422
4383
-8934
8913
-5970
7799
-5993
5489
511
2938
-4920
7914
-997
5649
4748
168
7785
2501
1337
4362
-7192
6737
-5388
1715
1232
-4604
-7995
5148
2177
9993
3864
5978
-7091
-8183
-746
-7827
-8119
-3092
5964
397
3110
-6882
-5884
-4324
4347
2720
-2624
-4935
431
-5254
-9816
1415
-3051
2845
-2909
2297
4981
6047
-2089
647
2602
-9143
-1462
-3341
4744
2344
-7521
-301
-6411
-6986
-1154
9051
-116
-5770
2305
-5543
-699
9124
3495
3563
3054
-396
4383
3479
8773
-7674
3491
-8039
3568
-3609
347
-3830
4063
3117
2669
-5161
7406
3088
9596
-8352
-8621
-2343
-9912
-2620
-6225
-6014
9454
-5488
5481
8078
-7739
-7886
-4777
-4683
3321
6437
-6456
-9417
8471
-4389
-9452
-137
-2412
8479
7442
-1201
9927
625
-2099
5120
-3783
7524
3804
4479
4264
-6336
-5834
-6347
-7529
1401
6056
9680
9938
-3215
-8429
2377
-5856
899
4901
-9898
4145
-6392
-1288
3190
-4945
-8747
-3729
-6180
3396
5973
82
59
-446
7337
-6839
-9073
-9377
-6483
-348
-5575
8288
3840
5639
-1333
-9049
-7128
8641
-197
1149
6151
7723
-894
-8104
-5333
-145
14
-4401
-6788
-5520
-3223
-8929
5432
3391
-9498
-9427
-4152
5583
3523
-2527
7260
5538
9177
-3802
-2750
-6896
-5567
9276
9778
497
-6722
4271
1094
5337
-7574
-1858
-5862
8325
-2671
-6715
2648
-5771
1724
-7748
-4917
-9145
-7284
1093
-4983
3841
2772
-2889
-9437
-8595
2274
6102
-6291
2740
-9526
-603
5528
2959
3770
-7311
4599
-6892
-6485
4012
1504
-3423
9560
-9821
-7884
-200
7896
-2946
-1913
4058
-6325
-8686
-959
4129
3958
2816
-3980
-3376
2631
-2013
-2417
-4809
2197
-8791
-6945
8122
-959
3123
1445
-2145
3903
7191
-3537
-412
-4471
-4597
-939
6825
778
-1887
-5909
760
-1786
-653
-908
5077
-1501
-7172
5739
-7688
6363
-52
-4098
-3041
4846
-7939
-4848
-636
-4662
257
4731
-7956
4938
4477
7062
6075
8892
1062
-7667
4461
-6643
2890
8569
-3352
-16
8054
768
2019
-1648
751
-6094
702
3963
-6717
-5865
-546
-3942
8867
-3549
-5146
-4510
-7006
-8643
-3456
-8362
-6736
-2313
-865
4516
-4782
7487
-9478
-1534
3151
9240
1091
-2951
-6552
2936
-204
3531
6747
-8530
-9310
9066
8664
-9473
5284
-8600
1864
-3134
-7829
6808
-6073
-2556
4412
4436
3184
925
-501
279
8981
-6417
-5556
9697
6597
5651
-7301
4795
7636
5081
-2834
2052
-2230
-8247
-6474
-3833
-1243
-2728
8002
2620
-9747
2810
-2323
-9262
-7420
8891
1504
-6299
1012
1450
-5189
-1266
-4988
-6555
-9762
-7011
-2775
6689
8898
-9464
-7215
3257
1160
6263
3030
2669
2552
-1355
-4997
-7987
-4939
987
-1425
8827
-9268
5108
7222
2441
-9147
-1865
3493
6817
7182
-691
-2677
-8343
-2373
3058
-9129
-897
7287
5802
5001
-6500
6335
7221
1242
2009
8723
-2496
-3962
23
-8108
1255
2912
-4925
-436
-5688
6385
-8385
5052
-253
8879
-4011
-714
-1594
-5419
3317
-6781
-2329
439
-5425
-2445
6547
2176
1591
-925
-9767
-8641
-3799
-2896
429
9033
-9748
8746
-6912
-4147
-1964
8929
-7353
-315
-8195
3349
5422
-8935
8670
-2736
-3334
-6224
-6154
-6468
-5942
7652
2085
5985
7987
7355
-4751
-4251
-9295
-3313
-7153
4301
-2095
8270
8996
3857
7232
-557
5779
9114
-2678
5219
-656
-3587
-8392
2819
-7609
3284
-1066
-1307
6117
-1974
-2908
-7373
4573
4074
-1622
-3023
-2036
-2822
9035
439
917
5176
4046
-1590
-1596
-4383
-5355
-8558
3696
-2055
-2136
-6342
-1526
9874
-5202
-8443
-8291
6282
-4435
4482
1808
517
-9900
1003
8455
-800
5035
6034
6313
5358
7521
4241
-1371
-6705
6033
2473
1825
-8311
8546
84
-2417
8519
6136
3684
-2909
1493
-9403
7322
-7619
-5523
-8339
1208
1606
2444
4730
-7182
3757
-9421
-650
6220
-3009
-3682
1308
-9307
-7670
-9416
4924
4386
-9099
4024
9609
-3164
4197
1717
-8489
-2554
-4831
3861
1127
1889
-9555
-8599
8574
-9240
-114
-4295
-1233
2112
-9810
-9840
4513
4208
-1134
-6650
-9105
5074
6763
-9491
-4314
-5329
890
4634
-1161
-2618
4914
-7572
3458
9290
-7910
7009
6998
-6882
-8907
-588
5034
-2381
-7941
-8056
-4591
187
129
4592
-3861
2550
5417
1864
7226
7868
5644
-2548
-5607
495
-8244
98
-5382
4491
9502
-5549
-8330
6442
2932
-8704
5439
5492
-6694
1430
-3548
-9730
4474
4015
7890
8428
8141
-8063
1582
-9817
647
-3511
1907
-9551
-3593
1753
-967
-8587
8493
4910
7584
8384
-4708
5409
4721
9327
8686
-3053
6295
5303
7683
-4616
4793
9975
3484
-9225
9775
-1013
5709
-502
6632
-9877
-4581
6871
-7258
3160
-6646
-9774
-5885
4271
7608
-4274
7712
9338
517
-8391
-8261
6103
6961
8969
4948
-8407
9772
8991
3637
5447
-7572
-1150
-3904
-1099
-6172
7405
2324
1404
7187
-7038
3452
5917
-2668
-429
8539
6233
9712
9272
-9596
7015
-4784
9306
-1279
-3570
3728
8461
2081
-8239
1853
-4884
4085
-3599
3983
4406
-9020
-7735
-6786
-3272
-5531
7627
-3247
6694
-1079
867
-5298
-5073
-2392
234
396
-2112
2381
-7688
-1728
7997
46
1954
-8563
4446
5179
-3310
-4043
4590
6051
3480
-4446
-5809
-4829
-5523
-6822
1091
-4275
-8787
1542
6901
-7597
6477
5280
-110
-6080
6554
-8358
-1548
7683
5269
6428
5369
-3389
376
-1545
8170
7735
-4198
-4956
-3877
-8047
9557
-5004
6457
112
-8088
-575
2836
-9511
-9020
8922
-2660
-9959
-4704
9353
-1147
-983
-1672
-8240
-789
-883
-1400
-9253
3966
5305
7487
-9426
7063
-4411
3215
3960
293
-6787
-7536
4493
-8748
-7426
6604
-8448
9456
1265
5440
8045
5691
9491
8881
-3312
9476
4749
2737
-1796
1061
5862
7294
4772
-2625
8203
-9928
-3026
6496
2121
-2410
4333
7600
-5026
8805
6573
-6512
9338
-4290
3222
2236
-8825
-3154
-7545
-7361
6868
7331
-8955
-2182
-8607
-3485
4809
-2306
9303
-8351
-9028
6526
9833
6055
8176
6423
-7796
-5823
2782
1933
9918
-1184
9308
9121
521
1535
-7759
-3476
-6399
6725
9785
-1663
9342
7942
4476
-1479
8228
-2404
9647
-2821
-4382
-2260
967
6480
4032
2217
-4336
-9536
-6521
-3807
4694
2680
9849
1637
4055
5578
2456
-3612
4279
-3488
-3648
-4909
-905
5199
-4151
7483
8871
5355
-1197
-7316
-7460
-2343
9176
3681
9719
7584
-5622
-1121
6881
5598
-7668
-2029
-4655
-9577
-7193
-8104
-372
4502
-9571
-4009
-8242
5987
-6524
903
-8872
-7977
170
-2376
7321
9145
-5158
8044
9944
9416
5463
6773
2592
-1120
9688
4363
-3430
-8465
6053
-2544
-4138
-927
4670
-9602
9673
-9041
6794
772
-8436
-9479
6198
-7974
3830
-8214
-3036
1514
-5091
7965
-1556
-728
-3736
2244
-1125
8555
5268
-9691
-3732
-2046
-7147
1770
-8137
8654
-3981
-4452
-299
-6514
-3834
-7129
8553
-5391
-5166
-1402
9695
-9746
-9723
-2567
1740
-718
-2865
7831
-9747
6173
9589
6685
5374
8928
5772
4054
9063
-2048
-4075
7783
5909
3828
-7147
2129
-5174
-3648
-2936
-5723
-7622
5824
9055
-1102
-3426
5602
-5081
3929
-7023
9420
8781
7800
5703
7621
-7882
5789
-5674
8588
-8124
-733
9018
-6734
1551
-4743
-8160
521
-3465
7075
9660
6366
-6409
5874
-3325
2194
2440
9767
-2978
-8029
-8380
7730
7050
-3017
8861
-7299
-1855
2135
-8072
-1830
-6534
8544
7452
-9260
-1585
315
-2626
-3388
9279
1051
3707
3657
3837
4202
3663
-1437
-5724
-2000
7663
-9642
-1724
8781
-2684
-8946
-7694
3274
6662
-4505
3963
-4743
-3808
-9459
-858
1201
-7132
439
-1342
8069
-9300
1815
-237
8553
7741
9720
3308
-4410
9247
-8244
5604
1627
1592
9911
-5531
9884
-3068
-5711
-629
7627
1614
-630
5852
-7629
1641
-319
1685
-4907
3308
-9779
-2620
5094
-3357
-5643
656
-4689
-8703
8597
-5824
4950
-3669
6283
-8124
6656
-4437
1132
-213
9981
-6751
-2353
-8012
-7211
-9337
-625
-3583
-7372
-9239
-9815
-9488
7838
6749
7810
8396
-8248
-2268
2831
7975
-6860
-4331
4439
3828
-9658
329
3674
-1181
6454
2984
-5726
7334
6243
-3858
-1036
7631
-2400
8482
-5899
-7296
4332
-1593
-1057
-357
-7223
-4721
-2384
-7104
-5292
2518
-1864
-2231
-8802
6148
7423
-7885
1214
4097
5601
-6331
-75
3910
-1317
9543
6302
8213
6018
-5888
-4657
-3785
-9554
1611
-9974
-6848
-4286
-9285
-6185
-8790
-3489
-1443
4458
-5707
4284
-1405
144
6362
-4446
9919
-1838
9377
-9666
-4725
-710
9457
-2442
-1081
4566
7987
7791
71
-3384
8446
-7711
675
2274
8158
-225
-7511
-2832
5759
8314
3896
4839
5800
-9966
-8397
1111
-8318
1190
-5813
-8964
6777
1605
7947
-795
-7130
-3808
6029
1919
1233
5876
-557
7337
2498
4226
-7221
-4811
5060
7175
-1598
-1735
-9954
1155
-3327
4661
445
-4298
388
-6608
8441
6784
-7291
1121
9486
3525
8021
553
-5147
2102
3697
3410
-2898
-2559
4255
-8598
3102
1844
2331
-9034
-224
-4320
9044
7986
-4554
-9538
-3690
-970
3852
556
8107
-4775
-1213
348
994
-5565
9218
-9481
-5590
896
8692
-5251
-1500
-3415
-3878
4988
9132
-9753
-8827
6113
-8565
-6337
2469
9035
-435
-5360
3950
7673
-3667
5090
4596
-6646
-8526
9897
-7565
9749
-3696
2271
7992
9527
9806
6351
1272
9152
-1644
-4353
2283
-4891
-8684
3911
-226
3072
-5812
-7670
6723
-1783
-5982
-3511
-9991
-2649
9354
-8547
-6223
-9537
3797
1423
-4276
-3117
8738
3308
-8485
-8139
4494
-9157
-3426
3503
4058
-4916
1270
-770
362
6837
7613
-8695
-7944
1888
-1296
773
-1836
-8882
-1297
4075
-2274
-5174
6970
3068
4593
-392
-3577
-8933
2675
-2266
-5072
-332
419
3944
3842
994
-2485
4209
-3245
8670
-716
-3449
1287
-3321
-7832
-6261
2736
-5157
8597
-5555
-2011
8181
9610
-4426
650
-63
-888
2838
4049
9588
5802
-2585
6189
-8794
-4298
4745
1660
1292
3381
-6130
1454
9799
3826
-2587
-6168
-1471
-7256
-5489
9087
9794
5581
9283
-5669
-9433
-363
6804
-2571
1879
4794
-1924
-304
-1800
-6941
-3923
-3376
4117
4501
-3994
-4877
-2821
-7497
2235
-4452
5103
9602
-7328
4622
-7077
4531
1505
8578
9219
6738
2920
1104
9499
5482
-1487
-1232
3901
-668
7116
-5196
1893
8489
-3650
1718
4928
-6337
-6595
37
7033
5791
6124
-6079
-9801
6108
9946
-1558
-8403
-1569
-5305
-3992
-4303
-6605
-6921
-8560
-7374
-1355
-8291
-9233
8686
-7906
-4014
272
-8769
3238
2311
-4628
4395
1028
-6160
-5837
-2428
8175
586
6866
4753
-1924
-6169
-1203
-9908
7958
-2536
9981
-392
-9601
-5693
-6554
-6498
-2986
1379
-4085
990
-5797
-654
1038
-4693
-6943
-6720
-8086
6481
4893
-3976
5408
-2160
-3741
-1207
-5910
-9737
-7122
6034
-3090
-341
-7125
7600
3744
-2290
-9551
8125
205
-1655
1818
-3949
-1609
4706
6250
-1580
2848
8790
2848
5082
-4279
4896
9588
-9016
1834
3717
-9758
-8652
-2234
9620
3680
-5062
7227
2324
2439
3561
-5194
-7408
-1752
4441
8147
-8958
-1390
7128
-7230
6665
-8876
2853
3760
-2078
-8553
-1684
1003
5487
-9003
-2481
-1075
5364
4502
731
7037
8974
3677
2462
658
2885
8838
3342
-1088
-6938
-5359
-1482
2515
1267
2605
1450
9615
3807
3565
-2615
4643
9314
6568
9693
-7826
4060
-1380
-8635
-3329
2407
-7800
-9902
4777
514
4263
8165
-1218
6205
-5449
-3792
1431
-429
2067
-8593
3962
8639
-2347
-5363
7306
4152
7361
5049
-4408
1881
-2719
6462
-9692
-8931
5567
-2338
-1999
3508
-5976
7838
7163
-9098
6922
-2669
4103
-7866
3528
9899
-4431
5286
857
-7986
4731
3110
545
-9090
-1108
-5338
-178
1641
6533
-3841
-6007
-9975
1418
-8079
-8378
2684
1223
-1919
-3424
-876
521
-8419
-3715
-4523
-3415
-960
-7652
9174
-2061
-8748
2263
8156
-4022
482
-72
780
-7337
-8920
-1772
2694
-6068
5067
383
3238
-3316
-148
-6216
9232
2129
7104
2147
-6910
-894
-1994
721
7157
-7644
1361
5264
8266
9725
-5163
-5548
3846
-9802
-7774
296
-4728
-8737
5591
1115
5374
-8421
-5026
207
-1584
-586
-5974
7271
3316
-8540
8321
-2167
6776
-6807
-3368
-8257
-8189
650
-5749
644
-1000
-4806
-1333
2247
-1240
6418
-8286
-7013
8107
4164
-9683
8508
431
-7597
-9703
-985
-7980
-297
1401
8108
-6258
-4470
-1614
428
-3194
-2119
-5879
-1767
4473
9931
2750
-1180
1284
4563
6104
-1151
9769
-4617
-14
2922
-9774
5185
-4971
-1045
9523
-6852
-3517
9252
9190
6626
2934
4432
-5928
4857
-5368
-9647
-3475
2530
-9252
-2482
6928
3203
-2006
6371
-5615
-6421
-2616
3051
5090
-6840
-5908
1198
-3780
-8220
2011
-2667
-8685
-2613
4230
-5911
-2982
2778
1312
-9814
4378
-8731
7706
1286
9263
-3318
6270
3783
7857
2070
5267
-5416
162
-5480
-9584
9806
7703
8577
-236
1113
-2800
-2742
-8363
-207
-1768
9775
2869
-6376
7117
6744
6286
1475
-38
2515
-4858
5142
5165
-9138
-1862
9977
-4771
-5479
-817
-1670
6491
-6789
637
9964
-9588
-1735
5682
-561
-9740
-3272
3883
957
-5012
-8084
6950
-6022
1932
-6652
7933
-2169
-5417
-2233
-4355
-9872
713
459
9465
-4399
-5817
-4393
-3287
-6138
-6395
-428
6122
3994
-5491
-6145
-9217
3004
-2688
-9282
-3263
9910
-3403
-3182
1787
-9626
9784
3001
7944
9427
1055
9473
-6534
768
-6585
5687
-970
-6900
1800
9084
3506
345
5846
1208
4724
-7081
-407
-5042
-6764
-3038
-9590
4101
-9481
8096
-5444
-2503
2350
8080
4053
-9387
-2239
-6291
-8660
-2123
-1334
-2007
2779
1470
8201
1601
-6305
8802
6043
-9707
-6439
4308
7593
-2163
-594
7838
-7978
-2527
6750
-5794
-3162
9926
-7819
-9981
-9300
6455
1570
9894
6471
-2027
5008
-2396
-7231
200
3249
-4873
792
-145
-2568
2670
-4857
-8055
1180
-6350
4301
6998
-2928
-7674
70
-7700
-8448
-6964
8346
-4044
3891
-4412
7788
1478
-4217
7581
2993
-8170
4344
8401
6743
272
-4153
-3131
-2587
-7165
-1763
2331
1654
2719
6954
6043
-6540
-8045
7730
-5262
-1545
9000
-2904
3882
-9665
6797
-1948
-2954
-103
275
-2412
-1491
2010
-9382
-6267
-7855
2409
200
-5863
6396
-5608
3725
7735
2113
5488
-2359
-8964
-9473
7042
-1119
-1972
-2390
-5940
1767
-9435
1196
1854
-8764
3997
-2106
-1341
6997
448
4288
-900
-2671
5341
7203
2650
-6129
5857
4771
1695
-7096
390
-7589
5143
-1023
4538
3673
-5517
-6805
-9680
-5114
8644
-6998
6620
9299
4670
9618
-183
-4293
-1375
1776
1598
6548
-1006
6328
-8602
8925
4038
-9360
-3558
5340
-6470
-4849
-9723
-9443
-471
-7235
-8046
6030
7294
6427
-2810
172
9338
2846
4504
8770
1643
6660
6000
-6207
-6516
-2425
8075
-442
-8386
-4864
-8705
-4283
-9766
9887
9460
-4078
-7456
-8947
-7633
3141
-285
-9906
2186
35
4805
5585
-1950
-5643
8700
-3130
-4049
-2332
-7561
3687
-5320
-8750
1891
-6134
1058
3513
6049
-1803
-3033
1496
162
4682
-1431
7489
-414
8510
5080
1134
2698
77
7827
5966
2994
-9153
-2039
2851
9145
-6362
6626
-6902
-4612
-801
-8865
-8127
5698
4232
8903
782
1636
-7117
8707
-1140
7569
-1605
-9825
6698
5942
-3609
7948
3561
-907
-2554
2383
-1048
-9077
5630
-8284
-9914
-5926
-1793
-9854
-9736
9422
-7940
-9439
-7730
-9307
-2401
-5694
-8572
4802
-3001
425
5607
2586
-9689
-3112
-1448
7698
-152
-5892
-3305
1154
4172
-1155
8552
7911
-4241
-1684
9952
-873
-459
641
-7605
-7081
8821
7454
-5107
-6891
-2672
-1546
-1993
-997
-8012
-8618
-2779
411
-3124
397
1564
5214
-4668
583
7711
-6938
-6595
-4834
-3578
5960
8877
-627
-9507
2896
-120
4664
137
-3411
4786
8831
9619
2360
1057
7377
-4979
5753
-8114
3364
-8257
932
4417
6482
-5424
7596
-9842
-8251
-1450
-1895
-1894
-8364
2613
-9808
-8992
-2716
729
8927
-9008
9893
7308
6564
-8253
2318
7172
-9674
-2551
-179
-5574
-4168
8464
-8353
-7636
-8470
8804
-1238
5182
-9991
-5556
-5829
8693
-7300
7700
8752
-8937
4516
1943
-5540
1029
-5470
6835
-422
4549
1457
5425
420
-5105
-1582
4944
-6169
4965
1938
5319
-7278
6475
2380
-683
-3924
-6046
-2854
-4163
9720
-6132
8749
-4772
-3717
3283
9292
250
1830
-7903
-2335
-168
3807
9697
3388
-9088
-7232
8954
8629
3330
9894
-14
-5539
9125
7420
-405
-9179
-7356
443
-6759
8589
8729
-8367
-5486
4195
-8493
6167
8487
6445
-2770
5554
5818
-6175
-6604
9492
2197
-8968
1917
-7119
-9887
6913
6369
7732
-3107
-2654
4826
-2
6767
-3952
-2422
-888
-1076
7627
4716
7550
-7584
-8180
-1593
9359
-5303
2048
-7353
-717
-4
7193
5047
-529
-9344
6103
9217
-188
-6764
9734
3736
2391
-6539
-1853
-4862
5560
-2568
-3727
8120
2214
-2471
8625
8740
-2084
-4170
-3473
-4827
-4297
9668
-7058
-5893
5472
-2227
5762
6057
-6153
5139
-7264
2619
8238
1138
9443
-5120
1810
5709
-8405
2941
-5875
-1524
2185
-2079
5111
-5107
8199
5995
-664
-5286
-7139
7174
-34
3910
-50
-6234
-5301
2188
-6636
5839
-3050
3556
-4140
9830
-1278
-9304
7267
2494
6560
4955
-7919
5993
-4183
-4276
-2343
-6100
-4302
-4872
82
-8468
-2857
-8321
9177
2467
-6991
-9573
-6500
-5860
7500
329
-7678
1746
-9370
-5421
-4890
-6591
-6425
890
-5310
5386
-541
-8499
4851
8795
-9508
-248
3466
4238
-8754
-8771
2135
2477
-1182
-5331
7019
686
-699
8006
-4156
-5578
-310
-7469
-6394
-8646
-5632
5732
-1135
-178
2935
6947
846
-1336
7938
8747
-5621
5886
9112
-36
-4459
1562
-6211
6463
-6348
-5770
6952
6623
4344
-7710
-5417
7622
-6799
-3819
5799
-2757
-6740
-42
8117
-6018
-7452
5187
7940
1047
-8015
16
-8924
-3820
9043
-3467
-3140
9154
-8526
3460
6725
2167
892
-6079
-6038
-5503
8083
-6930
2945
605
-2871
-1795
4723
2363
-5689
-5611
-2525
5348
-865
9208
5597
1392
-4116
-433
8438
2898
-5811
5745
2347
284
1182
7003
-8613
-1035
-3651
3302
1283
-8044
-8807
-7607
-7848
-1657
-1069
366
-8113
7156
-7227
-2596
2514
259
-8421
-3114
2822
4689
-1642
167
5486
9786
4209
9465
-2784
6723
-7107
1103
-3138
-9167
-3275
-8787
4682
2894
-403
-8582
-1464
-9672
-1893
-5587
121
5076
-1126
6968
4249
9867
2432
8539
6445
3428
5618
-2305
-2744
8324
-2383
607
-6552
-6909
-8694
287
-8353
-9391
4096
318
2649
3253
-5433
-2222
-3900
-8131
-8819
-6188
-3069
-538
9943
-8675
9393
-4235
2679
-7589
-3580
-3801
8722
-9160
-7441
6170
580
5575
3117
7080
6747
-6313
9462
7152
8339
-7977
2157
-5745
-9507
-1465
-261
-8147
-6493
-3660
-8540
-8915
-7417
6782
6397
7407
-7758
4863
-9520
2051
9488
5471
1802
8672
1640
-332
1370
-185
8215
5184
-4282
-7188
-4206
-1231
892
800
-8787
4770
6644
1932
-5425
3192
9523
1826
8430
-9008
-4780
-7649
-9354
-6295
-6553
5329
5181
-1300
330
-3215
-8340
7828
-7190
2594
-118
-5164
-9904
-337
6305
7714
4058
1227
-7952
-7310
-6010
-3501
-4412
9232
-5333
-7057
1564
-9261
-7760
5783
-4171
926
-590
-6277
-6983
-5244
-3058
4879
-605
8258
3285
9413
-2472
-5228
-8989
2570
2939
-721
8848
-5756
5720
6905
5907
3246
826
6560
-89
-8767
-2895
-9249
1707
5581
-1540
7776
-1575
4687
-9266
6926
-1189
8007
1770
4550
8016
-5305
-421
1842
7753
9917
8968
3255
1942
-6828
4636
7859
9545
8564
-5759
-5245
7033
2486
-5530
-7582
-8202
-8061
-5821
6417
-9756
-844
-5554
6343
8455
-8026
1516
8980
-3591
6587
-7206
3183
5759
-4750
2049
4694
1627
2299
6327
2579
2208
9559
9735
8499
9378
-2444
-2693
4978
-8021
7044
1274
367
-5736
-4537
-6897
9723
6233
-3112
491
-6678
-5490
7223
-6067
5746
6020
-5100
3949
